Topic distributions for each metadata

	1948	1949	1950	1951	1952	1953	1954	1955	1956	1957	1958	1959	1960
Topic #0	0.06691413	0.05674279	0.10414214	0.07447612	0.05338172	0.06049317	0.16398498	0.06848288	0.09540098	0.11466536	0.12851937	0.08388853	0.07903228
Topic #1	0.03189822	0.03480572	0.06633905	0.05245844	0.29542816	0.15029252	0.03441741	0.08692922	0.03450600	0.04292921	0.03037955	0.12503918	0.03126251
Topic #2	0.09430141	0.15135188	0.04782392	0.12858315	0.08483752	0.08946335	0.17448959	0.25231510	0.09382728	0.07651485	0.05467712	0.06641817	0.01492723
Topic #3	0.19150200	0.18306078	0.30545214	0.21955511	0.15598200	0.14092149	0.18299064	0.16871516	0.25444296	0.23701930	0.20601180	0.21170478	0.26822332
Topic #4	0.04269909	0.05372545	0.11118598	0.06483670	0.11480406	0.11724646	0.06764868	0.08404119	0.10573092	0.12588692	0.17490087	0.13162816	0.18534136
Topic #5	0.02823877	0.03766247	0.02639642	0.06869101	0.03212480	0.03402800	0.07482184	0.05160176	0.19525771	0.18001071	0.20516674	0.07907154	0.31800544
Topic #6	0.08471498	0.21128450	0.09277661	0.08444598	0.05404301	0.08527509	0.07844248	0.09818466	0.05040471	0.05556982	0.06152108	0.07434514	0.01558316
Topic #7	0.45973137	0.27136642	0.24588384	0.30695352	0.20939876	0.32227993	0.22320436	0.18973003	0.17042941	0.16740380	0.13882345	0.22790448	0.08762470
