	T0	T1	T2	T3	T4	T5	T6	T7
D0	0.22676949	0.00317579	0.04940822	0.09910508	0.00425113	0.00281146	0.24855152	0.36592734
D1	0.05238725	0.00827796	0.01049615	0.27113897	0.23727317	0.00100378	0.30306360	0.11635908
D2	0.00774711	0.00369308	0.17380112	0.02217151	0.09801969	0.00326940	0.00980804	0.68149006
D3	0.00254197	0.00121177	0.03412242	0.12943506	0.00162208	0.00107275	0.17882346	0.65117043
D4	0.08704184	0.05600022	0.02908309	0.15265712	0.00059019	0.01150218	0.39842010	0.26470527
D5	0.02881037	0.00196000	0.04284259	0.57983941	0.03967187	0.00173514	0.00520535	0.29993522
D6	0.00767356	0.00022837	0.00930853	0.68916500	0.13412337	0.01890787	0.01787330	0.12272006
D7	0.13842107	0.00299595	0.02773361	0.20675249	0.00401039	0.00265225	0.00795661	0.60947764
D8	0.04966275	0.00337861	0.05256357	0.21187250	0.00452262	0.00299101	0.00897288	0.66603607
D9	0.06691449	0.03342894	0.03456222	0.11297661	0.09932437	0.01511268	0.00883840	0.62884229
D10	0.06609721	0.02654897	0.03650903	0.03859386	0.01815904	0.01353808	0.07510062	0.72545326
D11	0.17337172	0.00158751	0.01469563	0.04954043	0.00212505	0.10142981	0.11424296	0.54300690
D12	0.11373951	0.00093373	0.04982601	0.14091927	0.00713310	0.03024261	0.00247980	0.65472603
D13	0.03838712	0.07976158	0.00284408	0.06639064	0.00734929	0.00691317	0.05710849	0.74124569
D14	0.25724101	0.00062491	0.08059517	0.10218633	0.00083651	0.12261220	0.02528395	0.41061991
D15	0.06163941	0.01192077	0.02818827	0.14700538	0.05363684	0.00053025	0.08084332	0.61623573
D16	0.02196891	0.01034089	0.04495602	0.47143769	0.00914154	0.01031781	0.03855824	0.39327887
D17	0.12411066	0.00971984	0.02606105	0.20910135	0.05296537	0.00043235	0.38286418	0.19474518
D18	0.00216227	0.00103076	0.37973040	0.11010080	0.00787432	0.03338519	0.00273749	0.46297884
D19	0.02493191	0.03704879	0.02097307	0.37598565	0.03403000	0.01653782	0.24531506	0.24517769
D20	0.06530444	0.00163662	0.00483837	0.04076112	0.03312641	0.00144886	0.13840088	0.71448326
D21	0.03600632	0.02146075	0.02602731	0.16012803	0.00074032	0.01094345	0.07813036	0.66656345
D22	0.00774711	0.00369308	0.29014626	0.04544054	0.02821260	0.00326940	0.12615319	0.49533784
D23	0.10636688	0.00381186	0.03444094	0.08208828	0.00069891	0.00046222	0.10007878	0.67205209
D24	0.01699353	0.00062246	0.00184019	0.12531723	0.05574045	0.00055105	0.04087256	0.75806248
D25	0.00195873	0.00093373	0.02041001	0.26446643	0.06596508	0.00082661	0.06131178	0.58412760
D26	0.00416298	0.05199977	0.04337829	0.01191406	0.02766410	0.03926829	0.61795747	0.20365505
D27	0.11500325	0.00506042	0.16800570	0.06093590	0.00966240	0.00061362	0.15906283	0.48165584
D28	0.00058515	0.08464108	0.12209523	0.21433756	0.00037340	0.00024694	0.00074082	0.57697982
D29	0.00340768	0.06336119	0.06355959	0.19613905	0.01163753	0.04737486	0.01496605	0.59955400
D30	0.01070274	0.03742948	0.08014294	0.20622876	0.00097466	0.09239799	0.27260625	0.29951715
D31	0.00574270	0.00273757	0.50830382	0.17167287	0.00366452	0.00242351	0.00727041	0.29818472
D32	0.00574270	0.00273757	0.56004971	0.15442424	0.00366452	0.00242351	0.00727041	0.26368743
D33	0.02613882	0.00124871	0.07773924	0.01861913	0.03808212	0.00135120	0.41733265	0.41948819
D34	0.04540637	0.01261750	0.19697198	0.29086044	0.04536985	0.00858665	0.16923936	0.23094784
D35	0.00059483	0.00036487	0.25512835	0.10756142	0.01817027	0.00039481	0.31562066	0.30216485
D36	0.00903803	0.00043177	0.15605901	0.11478169	0.00900060	0.09630975	0.35265464	0.26172447
D37	0.05953904	0.00043539	0.05231836	0.07792754	0.08471383	0.01307740	0.00684511	0.70514327
D38	0.00090342	0.00055415	0.02915099	0.21684472	0.00085538	0.05408218	0.06219472	0.63541448
D39	0.00118144	0.00072469	0.00315130	0.34652412	0.02210102	0.01477244	0.01838743	0.59315753
D40	0.00816780	0.00026706	0.00889373	0.66123766	0.02360949	0.01059887	0.01708601	0.27013937
D41	0.00259968	0.00159463	0.09927468	0.00838694	0.03324160	0.00172551	0.64067328	0.21250370
D42	0.00155004	0.00095079	0.20601209	0.07841071	0.00146762	0.00102883	0.51046568	0.20011427
D43	0.02856406	0.01236613	0.15718801	0.24123715	0.00063726	0.00044673	0.35712039	0.20244029
D44	0.04425433	0.00037681	0.06709859	0.17290525	0.00058164	0.00040774	0.00592405	0.70845157
D45	0.01481252	0.03533973	0.10010923	0.11063535	0.00446289	0.00643030	0.00129960	0.72691035
D46	0.53520596	0.00897058	0.00419266	0.34552869	0.00046228	0.00032406	0.05962530	0.04569044
D47	0.00065733	0.00040320	0.00953612	0.43795747	0.03175358	0.00043630	0.03357881	0.48567724
D48	0.00060118	0.05375393	0.00516257	0.29021946	0.07530846	0.00395804	0.00223854	0.56875789
D49	0.00071281	0.00043723	0.09473734	0.25548881	0.08507130	0.05111096	0.01531363	0.49712789
D50	0.00164036	0.39915365	0.33454645	0.11211209	0.03068587	0.01079968	0.03524069	0.07582123
D51	0.00061880	0.00037957	0.23610261	0.33169457	0.02256578	0.00041072	0.03893728	0.36929071
D52	0.00995022	0.02341355	0.04794344	0.01626300	0.01449666	0.16566946	0.00288552	0.71937811
D53	0.04237621	0.10742699	0.00369384	0.14383835	0.00131120	0.27146214	0.00515653	0.42473477
D54	0.01056388	0.00034541	0.20151739	0.26850387	0.00720034	0.00037376	0.05543420	0.45606121
D55	0.10987200	0.00601858	0.00406917	0.45112661	0.08391730	0.00013222	0.03965789	0.30520621
D56	0.24601650	0.00019888	0.01430114	0.47707480	0.05213271	0.00021521	0.03383831	0.17622247
D57	0.07112280	0.00072469	0.04511611	0.68923682	0.00111862	0.00078417	0.06035224	0.13154456
D58	0.00046795	0.09724616	0.64948910	0.06799593	0.00044307	0.00031060	0.01005321	0.17399406
D59	0.00028583	0.10677847	0.66407084	0.03307229	0.00027063	0.00018972	0.00275642	0.19257577
D60	0.00064479	0.12636082	0.66590053	0.05170287	0.00061050	0.00042797	0.00240089	0.15195172
D61	0.00059067	0.00385910	0.16942123	0.38305524	0.00055926	0.00039205	0.01618654	0.42593589
D62	0.00054319	0.03248992	0.77321035	0.02747779	0.00051430	0.00036054	0.05025768	0.11514629
D63	0.00045289	0.00027780	0.08432309	0.33392137	0.05405144	0.00030060	0.01241090	0.51426196
D64	0.00924711	0.01270824	0.75038975	0.08505710	0.00028612	0.00020058	0.02438200	0.11772908
D65	0.00237991	0.04372708	0.09088254	0.03585613	0.18541150	0.00157964	0.03703989	0.60312337
D66	0.00138484	0.14022009	0.03648693	0.08645044	0.20626801	0.00911745	0.08713926	0.43293303
D67	0.00469489	0.00041616	0.43558478	0.17489554	0.04482318	0.00446675	0.03064130	0.30447736
D68	0.01490741	0.00018908	0.08476736	0.11961263	0.00211676	0.01297886	0.62891144	0.13651641
D69	0.00140793	0.00919855	0.12044453	0.17957586	0.00966800	0.00093450	0.47199893	0.20677173
D70	0.00222329	0.00136376	0.04541593	0.19143917	0.02842885	0.00147569	0.50843042	0.22122292
D71	0.01580113	0.00140063	0.33051610	0.06143751	0.00216198	0.01503331	0.00850235	0.56514704
D72	0.00037623	0.02027635	0.02773096	0.30635193	0.00035622	0.00024972	0.07044678	0.57421178
D73	0.00385811	0.00034199	0.00478770	0.36486262	0.00052788	0.00037006	0.00207599	0.62317562
D74	0.00046282	0.00028389	0.00671430	0.31384167	0.00043821	0.00852689	0.03186223	0.63787007
D75	0.09067417	0.00225361	0.00979976	0.03360290	0.00347863	0.00243858	0.57918143	0.27857101
D76	0.17457730	0.00161955	0.00704259	0.28986949	0.00249991	0.22058138	0.05672323	0.24708654
D77	0.06294367	0.00026984	0.11576363	0.25403860	0.02125111	0.00029199	0.13706286	0.40837827
D78	0.00074751	0.01815944	0.00199384	0.39183185	0.19099267	0.07129984	0.09128799	0.23368686
D79	0.00301765	0.00185101	0.15096512	0.06332891	0.00285719	0.01986744	0.52930701	0.22880565
D80	0.00650265	0.00398869	0.01734474	0.02097853	0.00615687	0.00431607	0.83262271	0.10808966
D81	0.02126199	0.00188468	0.15371110	0.04629138	0.00290916	0.00203937	0.75720823	0.01469411
D82	0.00211210	0.00129555	0.14317335	0.06933197	0.01450339	0.00140188	0.65805209	0.11012973
D83	0.00312947	0.00191960	0.00834733	0.06567543	0.00296305	0.03913002	0.69713086	0.18170425
D84	0.04283659	0.00140063	0.03312605	0.00736659	0.00216198	0.00151558	0.84660161	0.06499104
D85	0.01538518	0.00136376	0.00593026	0.03349646	0.00210507	0.00147569	0.85063958	0.08960401
D86	0.00692996	0.02908717	0.10048844	0.03688757	0.00051102	0.00035823	0.75925398	0.06648361
D87	0.00695218	0.00033212	0.09119444	0.04982727	0.00051266	0.00035938	0.77130377	0.07951818
D88	0.00168958	0.00103638	0.00450667	0.00545084	0.00159974	0.00112144	0.94650823	0.03808716
D89	0.00291355	0.00178716	0.09401263	0.21637847	0.00275862	0.00193384	0.63178545	0.04843025
D90	0.12841244	0.00119128	0.10865599	0.00626555	0.03633075	0.00128906	0.70856702	0.00928795
D91	0.00051503	0.00031592	0.17516647	0.14801332	0.00048765	0.00034185	0.02630971	0.64885002
D92	0.03231040	0.01314948	0.24660157	0.03466098	0.00099975	0.00695174	0.01643348	0.64889258
D93	0.00185672	0.00113890	0.62049323	0.06094906	0.00175799	0.00123238	0.10583978	0.20673195
D94	0.01770318	0.00035487	0.00154315	0.80672455	0.00739763	0.00038400	0.00215420	0.16373841
D95	0.02195525	0.00392777	0.00160356	0.15141797	0.02904131	0.00039903	0.02715162	0.76450342
D96	0.04198842	0.00209027	0.11070666	0.12414362	0.01734913	0.02294062	0.08074024	0.60004109
D97	0.61000890	0.00030657	0.06050876	0.23831499	0.00047322	0.00033173	0.07583056	0.01422534
D98	0.57112998	0.07811360	0.02435483	0.24077959	0.00046094	0.04931774	0.01910495	0.01673840
D99	0.00545306	0.00334488	0.27280191	0.01759238	0.00516309	0.00361941	0.66594666	0.02607867
D100	0.09931454	0.00246836	0.20131449	0.01298232	0.00381011	0.00267095	0.61054921	0.06689001
D101	0.00337994	0.00207324	0.12907082	0.03091342	0.02320944	0.00224340	0.65288091	0.15622884
D102	0.00053123	0.00032585	0.16180596	0.13065399	0.02251716	0.04438095	0.37307414	0.26671067
D103	0.04499836	0.00398869	0.32531041	0.09796995	0.00615687	0.00431607	0.40917000	0.10808967
D104	0.17716259	0.00129555	0.23069860	0.00681394	0.03951061	0.08892713	0.43298715	0.02260448
D105	0.02962245	0.35618538	0.13508113	0.08922446	0.01084287	0.03843930	0.00587957	0.33472490
D106	0.00192004	0.00117774	0.08468769	0.00619433	0.00181794	0.17177367	0.64367992	0.08874869
D107	0.01694652	0.00150215	0.18050332	0.08038859	0.00231870	0.00162545	0.64701319	0.06970211
D108	0.00189846	0.00116450	0.06125816	0.14099114	0.00179751	0.01249895	0.62520677	0.15518446
D109	0.03047714	0.00099651	0.05242089	0.17835648	0.01115571	0.06840093	0.00604921	0.65214318
D110	0.19602530	0.00181853	0.04300974	0.02711550	0.02035801	0.10727357	0.53756815	0.06683122
D111	0.02493672	0.00119128	0.06266677	0.02926015	0.00183884	0.00128906	0.68557245	0.19324479
D112	0.07945901	0.00080963	0.01914848	0.01988607	0.00906364	0.00868999	0.71598053	0.14696273
D113	0.00939643	0.00576372	0.02506341	0.08594117	0.06452364	0.00623679	0.75813740	0.04493745
D114	0.03249080	0.03067561	0.15150164	0.04294302	0.03224112	0.00311639	0.65678149	0.05024990
D115	0.00805261	0.10028229	0.06915042	0.02597892	0.10296728	0.00534484	0.60204148	0.08618218
D116	0.02031659	0.00066429	0.02212227	0.04837227	0.03308141	0.02636363	0.75414348	0.09493608
D117	0.06217358	0.00042469	0.02643923	0.04731988	0.00475429	0.00045954	0.72805649	0.13037232
D118	0.02582756	0.00123384	0.02918139	0.00648938	0.00190453	0.00133511	0.87677634	0.05725189
D119	0.00185672	0.00113890	0.03792789	0.01698186	0.13365956	0.00123238	0.52352810	0.28367451
D120	0.00042984	0.00789770	0.12583579	0.07772710	0.01313038	0.01300870	0.61995745	0.14201301
D121	0.00141976	0.00927587	0.06262192	0.02139035	0.00134427	0.03456232	0.86259568	0.00678986
D122	0.00056124	0.05018197	0.06462476	0.15796877	0.01382145	0.00037251	0.44730666	0.26516265
D123	0.00131992	0.00862354	0.19105448	0.12146688	0.02469146	0.00087608	0.29402941	0.35793829
D124	0.03907040	0.24283271	0.21973239	0.13246119	0.02382095	0.00020527	0.12060452	0.22127257
D125	0.01493693	0.53694153	0.02126217	0.12430859	0.04268822	0.00027841	0.10476729	0.15481693
D126	0.26075542	0.02440599	0.00038669	0.55942702	0.08576869	0.00021343	0.02992412	0.03911863
D127	0.00555793	0.59566766	0.03014486	0.14314035	0.11954915	0.00033949	0.00541175	0.10018881
D128	0.00427692	0.02987271	0.00047331	0.69122583	0.00759287	0.00026124	0.05610427	0.21019281
D129	0.00484288	0.00809505	0.00053594	0.63566273	0.12254781	0.00764744	0.04147364	0.17919450
D130	0.01316858	0.11196794	0.53119928	0.01930296	0.02337835	0.00080436	0.14275895	0.15741961
D131	0.00341219	0.06665593	0.54966694	0.03150216	0.00364298	0.00086487	0.15349862	0.19075632
D132	0.62850338	0.00298289	0.00532393	0.28763577	0.00580320	0.04485928	0.00814504	0.01674644
D133	0.12389988	0.00070952	0.01103601	0.75401580	0.07486080	0.00028232	0.00099228	0.03420338
D134	0.08523013	0.02761247	0.00049083	0.65622652	0.01797340	0.00700382	0.02115091	0.18431196
D135	0.02585244	0.06430783	0.03584472	0.20113580	0.03652719	0.00028432	0.55920708	0.07684059
D136	0.02760813	0.01208174	0.00055009	0.24497850	0.03900783	0.00030362	0.54813641	0.12733369
D137	0.06180796	0.00037520	0.09302647	0.46921778	0.02474540	0.05394777	0.02835152	0.26852793
D138	0.07603856	0.00473236	0.00057391	0.64133853	0.00527054	0.18138441	0.01292213	0.07773954
D139	0.29121205	0.00059302	0.00042751	0.53344649	0.02151885	0.07060714	0.00082935	0.08136559
D140	0.00264476	0.09331419	0.31775269	0.14936633	0.02781349	0.00067035	0.04400588	0.36443231
D141	0.00130632	0.00083213	0.03762950	0.76499575	0.10014032	0.00033111	0.00939256	0.08537231
D142	0.05688944	0.00182126	0.00131295	0.17948192	0.03907271	0.04574997	0.00254707	0.67312467
D143	0.11566620	0.03889012	0.00050617	0.20458774	0.01853497	0.00027938	0.00098195	0.62055349
D144	0.12728897	0.00148659	0.10397601	0.14650074	0.00984187	0.00059152	0.01677965	0.59353471
D145	0.07780542	0.00215047	0.00155028	0.19065903	0.09929933	0.00085567	0.01364026	0.61403954
D146	0.10110714	0.00066538	0.03740326	0.00278483	0.00082239	0.00087127	0.05830682	0.79803890
D147	0.00048229	0.00033971	0.01179065	0.05255905	0.04790448	0.12098269	0.53748828	0.22845282
D148	0.31958196	0.00033724	0.00082663	0.20447710	0.00041682	0.04758183	0.03680460	0.38997373
D149	0.00119196	0.06403194	0.03816784	0.18406351	0.07325754	0.00109937	0.00135152	0.63683635
D150	0.00053075	0.00037384	0.00091634	0.61658347	0.00850152	0.02460791	0.00060180	0.34788436
D151	0.00103337	0.00072787	0.12700631	0.10478941	0.00089962	0.00095310	0.00899809	0.75559223
D152	0.02766398	0.01948557	0.04776191	0.29107067	0.02408344	0.02551512	0.24088469	0.32353461
D153	0.00060910	0.34180015	0.12099282	0.13557620	0.00053027	0.00056179	0.17598933	0.22394033
D154	0.00071459	0.03297563	0.05535424	0.15364401	0.00603415	0.00065908	0.02787050	0.72274780
D155	0.00224656	0.00158240	0.90565532	0.02363749	0.00195579	0.00207205	0.00254730	0.06030316
D156	0.08649337	0.00194676	0.88393182	0.00814779	0.00240612	0.00254915	0.00313383	0.01139118
D157	0.74935371	0.00030415	0.00074553	0.14517063	0.00364632	0.04291349	0.04300483	0.01486132
D158	0.36277571	0.02185651	0.00081773	0.29554254	0.04704527	0.11522562	0.01129849	0.14543806
D159	0.00203846	0.00143582	0.65193903	0.12951785	0.03265174	0.00188011	0.11038128	0.07015575
D160	0.00056813	0.93313992	0.00090291	0.00166009	0.00122184	0.00034190	0.04014946	0.02201574
D161	0.05356441	0.14850192	0.12351409	0.00577097	0.00424748	0.00118854	0.12237477	0.54083782
D162	0.00061367	0.88503498	0.00097528	0.01247968	0.00131977	0.00036930	0.03802413	0.06118314
D163	0.00286039	0.14035861	0.77662235	0.00835811	0.00615164	0.05153275	0.00289583	0.01122038
D164	0.07503226	0.74558032	0.00168768	0.02159555	0.01153010	0.00063906	0.00107508	0.14285997
D165	0.00136479	0.82750314	0.00216901	0.02775460	0.03858516	0.03647133	0.04891504	0.01723695
D166	0.00072620	0.83866185	0.00747717	0.05270637	0.00156178	0.00043702	0.00073519	0.09769441
D167	0.00071713	0.84067672	0.00113970	0.03955999	0.00778636	0.00043156	0.00072601	0.10896257
D168	0.00632726	0.86139613	0.01005567	0.01848833	0.01360756	0.00380771	0.00640564	0.07991171
D169	0.00067104	0.88597316	0.00106645	0.01948911	0.08908482	0.00040383	0.00067935	0.00263226
D170	0.00066714	0.92148852	0.00686910	0.00194939	0.06533198	0.00040148	0.00067540	0.00261697
D171	0.01025871	0.78406233	0.00088539	0.07924072	0.02545215	0.00033527	0.03451963	0.06524578
D172	0.00128825	0.68014145	0.18151721	0.00376427	0.09250546	0.00077526	0.00130420	0.03870396
D173	0.00124631	0.66885102	0.16475619	0.00364172	0.10034561	0.00075002	0.00126175	0.05914734
D174	0.00272467	0.44211048	0.28901783	0.10285740	0.00585975	0.00163969	0.02648239	0.12930784
D175	0.00080229	0.73094332	0.00127505	0.05124356	0.03665347	0.00048281	0.00081223	0.17778732
D176	0.00108194	0.76904827	0.01113998	0.09736644	0.00232684	0.02891261	0.00109534	0.08902858
D177	0.00197500	0.75037843	0.05472820	0.02296744	0.00424748	0.00118854	0.00199946	0.16251551
D178	0.11179645	0.00208291	0.00059815	0.58769369	0.04013416	0.09853833	0.05609107	0.10306526
D179	0.00049259	0.69755340	0.04796249	0.10008768	0.00105939	0.00029644	0.03481115	0.11773682
D180	0.00075983	0.62609786	0.24599513	0.02868375	0.00824999	0.00045726	0.06031216	0.02944407
D181	0.00082535	0.19860087	0.34625953	0.20363127	0.00896144	0.00049669	0.00083558	0.24038923
D182	0.00091768	0.70023632	0.00145843	0.00268147	0.00996390	0.00055225	0.00092905	0.28326088
D183	0.01340745	0.88555992	0.00219509	0.07619337	0.00297045	0.00083120	0.01342456	0.00541800
D184	0.00146957	0.23845497	0.01513120	0.20902474	0.38703045	0.00088438	0.14224009	0.00576464
D185	0.00098879	0.66839969	0.00157144	0.00288925	0.01934541	0.00059505	0.00100104	0.30520937
D186	0.05453418	0.26844570	0.00082162	0.29860520	0.05062760	0.01831685	0.00052339	0.30812541
D187	0.04039052	0.23636252	0.00103618	0.27439788	0.14332549	0.00039236	0.00066007	0.30343497
D188	0.84093130	0.00138430	0.02435477	0.12051708	0.00053794	0.00015053	0.01114289	0.00098119
D189	0.00157002	0.39145634	0.00249517	0.25065240	0.11273864	0.00094483	0.00158947	0.23855317
D190	0.00632726	0.03501668	0.89152712	0.01848832	0.01360756	0.00380771	0.00640564	0.02481974
D191	0.07866112	0.01371629	0.00094990	0.59502846	0.12618691	0.05760620	0.01621779	0.11163336
D192	0.87148100	0.00291359	0.00542066	0.11613762	0.00113223	0.00031682	0.00053299	0.00206515
D193	0.01094917	0.00329070	0.81895590	0.03280116	0.00127877	0.02106697	0.00060197	0.11105540
D194	0.00238516	0.07550350	0.81373483	0.02773727	0.00512959	0.00143538	0.00241471	0.07165960
D195	0.00782838	0.03936904	0.57072622	0.13079919	0.02312406	0.00025584	0.00043039	0.22746690
D196	0.06332232	0.03617285	0.00142429	0.42399505	0.09556657	0.00053933	0.00090730	0.37807226
D197	0.53857285	0.00212469	0.04072360	0.18163237	0.04762470	0.03700171	0.09398674	0.05833337
D198	0.66210443	0.01219332	0.00547082	0.03393727	0.11217596	0.00031975	0.04217539	0.13162304
D199	0.65679288	0.03795947	0.00587878	0.09612453	0.02608481	0.09479978	0.00057803	0.08178172
D200	0.59254241	0.01526593	0.02596047	0.05179724	0.00943516	0.20184261	0.00888624	0.09426989
D201	0.01685368	0.04356150	0.09495142	0.37818980	0.00101166	0.00437890	0.00047623	0.46057689
D202	0.00518471	0.02869354	0.59510845	0.01514980	0.05629411	0.00312013	0.00524894	0.29120034
D203	0.29708710	0.00348943	0.02296180	0.64416498	0.00684594	0.00586938	0.00063832	0.01894311
D204	0.00431859	0.02570431	0.00070705	0.21435320	0.00095679	0.00026773	0.07405061	0.67964178
D205	0.62335765	0.00217560	0.00062476	0.19625297	0.05218867	0.06527133	0.00039798	0.05973105
D206	0.00092507	0.74614990	0.06590760	0.08324984	0.05031755	0.00055670	0.00093653	0.05195681
D207	0.00037392	0.57182086	0.00384997	0.25503895	0.02684993	0.00022502	0.00037855	0.14146283
D208	0.00043152	0.33678418	0.04953016	0.20039563	0.08734500	0.00025968	0.00043686	0.32481700
D209	0.00081946	0.83934629	0.00130234	0.00239448	0.07311374	0.00049315	0.00082962	0.08170100
D210	0.01373788	0.83344895	0.01457183	0.00413536	0.08930212	0.00085168	0.00143277	0.04251944
D211	0.00045548	0.68068451	0.07607540	0.03702374	0.01684304	0.00027410	0.01632460	0.17231910
D212	0.00045912	0.75008792	0.04070544	0.07729553	0.05295590	0.00027629	0.02045269	0.05776706
D213	0.03173939	0.37005931	0.00113263	0.08275190	0.25595173	0.00042889	0.00692685	0.25100929
D214	0.00150817	0.73059136	0.02866032	0.00440688	0.02950695	0.00090761	0.04092202	0.16349672
D215	0.10591320	0.70085162	0.02091682	0.05478482	0.05420254	0.00045425	0.01390898	0.04896775
D216	0.00212089	0.60267252	0.00337064	0.00619725	0.11536154	0.00127634	0.00214716	0.26685360
D217	0.00111340	0.72355348	0.00176949	0.00325337	0.07025588	0.07822590	0.00112719	0.12070129
D218	0.00073082	0.61492014	0.00116146	0.06576833	0.04611473	0.04498281	0.01346645	0.21285525
D219	0.00050561	0.74679506	0.00080354	0.07191496	0.09353670	0.00030427	0.00051187	0.08562794
D220	0.01135846	0.56683415	0.00185963	0.11549079	0.12477650	0.00070417	0.02156129	0.15741502
D221	0.00248852	0.46879560	0.00395492	0.09394263	0.22202972	0.00149758	0.00251935	0.20477171
D222	0.00138120	0.45261505	0.02624759	0.04011463	0.30362660	0.00083120	0.00139831	0.17378545
D223	0.00376446	0.00889951	0.01412293	0.28477180	0.05148378	0.00361003	0.58455318	0.04879434
D224	0.00077002	0.76858515	0.12190644	0.08270512	0.00836061	0.00046339	0.00077955	0.01642971
D225	0.00047234	0.60306281	0.01720132	0.03839413	0.12850836	0.00028425	0.04983014	0.16224666
D226	0.00036558	0.00520642	0.02604643	0.57085705	0.03898437	0.00022001	0.06721684	0.29110324
D227	0.00599688	0.50312620	0.00953061	0.01752295	0.37840429	0.05582421	0.00607117	0.02352377
D228	0.00393973	0.02180350	0.14347562	0.11442272	0.00847289	0.00237091	0.24411367	0.46140093
D229	0.00083133	0.59091377	0.00132120	0.09652876	0.00178787	0.09459990	0.00084163	0.21317554
D230	0.39812791	0.00179712	0.01200750	0.26783675	0.11077937	0.04780376	0.02289516	0.13875246
D231	0.03173223	0.57005030	0.00423520	0.00667123	0.26536679	0.00161089	0.04733965	0.07299371
D232	0.00445670	0.24021445	0.07560297	0.17933473	0.01699753	0.00630799	0.04313917	0.43394646
D233	0.01388971	0.33023891	0.16566369	0.07489804	0.05081767	0.00129349	0.16550449	0.19769403
D234	0.00402599	0.59847999	0.00595404	0.00937872	0.10926473	0.00226466	0.20859861	0.06203330
D235	0.02251673	0.00542327	0.02649456	0.69551867	0.04135624	0.10938548	0.01191398	0.08739105
D236	0.00067649	0.63247782	0.02145874	0.16865189	0.03199858	0.04129710	0.00095362	0.10248571
D237	0.02646660	0.51883984	0.00648001	0.01020724	0.31768170	0.00246472	0.02826160	0.08959825
D238	0.00402599	0.65935701	0.06683103	0.02967105	0.00780308	0.00226466	0.04625996	0.18378727
D239	0.00117899	0.51992553	0.00174360	0.03840143	0.37071931	0.03037563	0.00166198	0.03599354
D240	0.00436926	0.54503822	0.00106976	0.22408579	0.02692337	0.00769872	0.00466559	0.18614934
D241	0.00905959	0.39683273	0.00221813	0.07909136	0.10118359	0.03864238	0.00967402	0.36329827
D242	0.00170623	0.59763581	0.00252334	0.01257468	0.10650641	0.00095977	0.00240521	0.27568856
D243	0.22644202	0.16618407	0.01162308	0.12097607	0.12027831	0.06390745	0.00251328	0.28807575
D244	0.00086911	0.70305383	0.01880769	0.16410649	0.00606507	0.00048888	0.02312810	0.08348084
D245	0.02490266	0.00558356	0.09394474	0.00523541	0.46878877	0.04657472	0.00316808	0.35180208
D246	0.00546861	0.01358652	0.47666910	0.01273937	0.01059914	0.00307615	0.33847240	0.13938875
D247	0.04092937	0.01683469	0.01002104	0.08409172	0.69620013	0.03796493	0.04370525	0.07025285
D248	0.16106822	0.09098048	0.06781461	0.00806588	0.07934994	0.06681168	0.13393489	0.39197427
D249	0.05742990	0.01287666	0.00766498	0.03819728	0.11453938	0.00291543	0.00730614	0.75907022
D250	0.11724190	0.17699654	0.00750763	0.03750982	0.21699905	0.00645231	0.07708208	0.36021063
D251	0.01183367	0.08322088	0.11578159	0.12380575	0.03102169	0.00781265	0.00103477	0.62548900
D252	0.00655223	0.01627872	0.00969009	0.01526371	0.80530953	0.00368569	0.00923645	0.13398357
D253	0.00152287	0.13427198	0.00992797	0.11100870	0.29463172	0.00085663	0.06355309	0.38422701
D254	0.01858645	0.08025819	0.00248067	0.14763464	0.34988701	0.00094354	0.01927361	0.38093591
D255	0.00131148	0.00325830	0.00854981	0.14848113	0.41898900	0.00073772	0.05473092	0.36394164
D256	0.00754954	0.01875648	0.58194768	0.01758698	0.01463234	0.00424669	0.04869450	0.30658573
D257	0.00184937	0.02323753	0.38491356	0.01362961	0.03154869	0.01036172	0.00260699	0.53185254
D258	0.00201872	0.05589063	0.16578615	0.00470271	0.34986404	0.00113555	0.00284572	0.41775650
D259	0.21459711	0.05338597	0.00136294	0.35982114	0.06217276	0.00051840	0.01987961	0.28826213
D260	0.00090892	0.03890841	0.01508804	0.17620595	0.01092421	0.00051128	0.04709406	0.71035916
D261	0.00492555	0.01223730	0.15624280	0.08595348	0.45642179	0.00277067	0.00694337	0.27450508
D262	0.00085414	0.08822516	0.00126319	0.24307844	0.01026579	0.01770108	0.02272983	0.61588240
D263	0.11631112	0.22323412	0.05497953	0.00480040	0.07669876	0.00115914	0.14831452	0.37450245
D264	0.01603060	0.03235761	0.29386178	0.06001665	0.00735332	0.00034415	0.01319749	0.57683837
D265	0.00638550	0.15537633	0.20707992	0.11752706	0.01564000	0.00032416	0.01824004	0.47942698
D266	0.03871075	0.00110947	0.05242962	0.07756866	0.03012637	0.01825787	0.00062951	0.78116775
D267	0.00438165	0.56300980	0.00648002	0.01020724	0.11891716	0.00246472	0.00617665	0.28836280
D268	0.00253450	0.04462096	0.69358230	0.05700304	0.00491230	0.00142568	0.00357279	0.19234850
D269	0.01298452	0.55582988	0.01920281	0.03024801	0.02516630	0.00730392	0.28008902	0.06917559
D270	0.00334684	0.59873635	0.00494964	0.00779661	0.05709430	0.00188263	0.17340972	0.15278386
D271	0.00386897	0.55563724	0.10322627	0.00901293	0.04650053	0.04117812	0.16146110	0.07911478
D272	0.05564391	0.00268941	0.20347813	0.17166211	0.02392263	0.00060891	0.00152596	0.54046893
D273	0.02903121	0.01194085	0.39470762	0.10809624	0.00931532	0.00270355	0.00677517	0.43743005
D274	0.00492555	0.01223730	0.50381243	0.11077988	0.00954658	0.00277067	0.00694337	0.34898427
D275	0.02045209	0.09982923	0.02578634	0.05583689	0.54747027	0.01028646	0.00136242	0.23897630
D276	0.02569907	0.71926606	0.08549258	0.11598881	0.02167560	0.00055172	0.01126993	0.02005630
D277	0.00071811	0.63158071	0.03001818	0.10663897	0.00863087	0.02574059	0.10959791	0.08707474
D278	0.00411426	0.58189064	0.00787358	0.13547866	0.01848578	0.00038314	0.14515148	0.10662255
D279	0.00055843	0.65720874	0.02615802	0.19551408	0.02078513	0.00031412	0.04863682	0.05082469
D280	0.08914129	0.22911215	0.00184213	0.32309315	0.07775337	0.00070066	0.16499074	0.11336649
D281	0.00523357	0.60958952	0.03955926	0.09006746	0.01246832	0.00011236	0.02444395	0.21852553
D282	0.01312887	0.00540005	0.36474058	0.11461673	0.01516803	0.00122263	0.00306396	0.48265916
D283	0.00592447	0.03209870	0.12009812	0.13081975	0.00190100	0.01043902	0.00138262	0.69733626
D284	0.02830690	0.20398849	0.17567854	0.19002509	0.00939418	0.00030976	0.07016681	0.32213023
D285	0.15063633	0.00294665	0.05555613	0.22992736	0.00827676	0.00066716	0.01362793	0.53836167
D286	0.00842284	0.00346441	0.16371563	0.01027680	0.00973107	0.00078438	0.24796002	0.55564481
D287	0.00081552	0.02668909	0.05464251	0.05533623	0.00158062	0.00045874	0.37109417	0.48938313
D288	0.01588194	0.00126298	0.00331407	0.04986726	0.00098528	0.00028595	0.15445250	0.77395004
D289	0.03691332	0.04883788	0.00106201	0.08130232	0.00139183	0.00402347	0.15665168	0.66981751
D290	0.17284665	0.00184419	0.00109778	0.03914319	0.00143869	0.00041755	0.19559914	0.58761281
D291	0.00078332	0.45993781	0.01695127	0.06499605	0.20287663	0.02018165	0.00110422	0.23316903
D292	0.00048713	0.37441817	0.00072042	0.17300686	0.01322073	0.01500591	0.32233298	0.10080784
D293	0.03587484	0.43232772	0.00478810	0.17072833	0.28369156	0.00182119	0.03720117	0.03356711
D294	0.04560615	0.00017533	0.00337618	0.09544826	0.01278095	0.00038117	0.53516138	0.30707055
D295	0.00409357	0.00085916	0.06529561	0.05331986	0.00168872	0.01405574	0.58698034	0.27370703
D296	0.00137624	0.29531258	0.06702524	0.12036476	0.00876285	0.02931080	0.10309712	0.37475044
D297	0.00799691	0.44340801	0.08594758	0.01421624	0.24028133	0.00690369	0.16857810	0.03266819
D298	0.08331390	0.00092695	0.54383141	0.16272314	0.00182196	0.00201515	0.12045869	0.08490884
D299	0.00248704	0.17823635	0.03226541	0.01018005	0.48974049	0.00113477	0.06783256	0.21812336
D300	0.43067217	0.00085916	0.00435580	0.52865034	0.02606464	0.00186778	0.00195817	0.00557187
D301	0.00699028	0.10552936	0.73587364	0.07023778	0.04450859	0.00318947	0.02415626	0.00951465
D302	0.01938916	0.00040973	0.74605495	0.05448937	0.00661766	0.00089073	0.04162011	0.13052833
D303	0.00372989	0.01188800	0.80354083	0.02637252	0.01264386	0.00170185	0.00178420	0.13833886
D304	0.00137063	0.54303813	0.06267089	0.01377197	0.10258618	0.00470621	0.20469716	0.06715888
D305	0.00657947	0.00138091	0.69262779	0.12487806	0.00271423	0.00300203	0.00314730	0.16567020
D306	0.02061222	0.00008382	0.00042493	0.25370103	0.00135373	0.00969415	0.56258446	0.15154560
D307	0.33452511	0.00012863	0.02984662	0.54990566	0.02944733	0.00210428	0.03678630	0.01725608
D308	0.07530461	0.00026104	0.00132341	0.70866913	0.00051308	0.14498617	0.01170408	0.05723854
D309	0.04392928	0.00027318	0.00138496	0.66799468	0.07416660	0.18273041	0.00837310	0.02114784
D310	0.10088509	0.00410075	0.00136904	0.60285729	0.00053077	0.21510683	0.00444617	0.07070404
D311	0.03334662	0.01528224	0.13358501	0.00535056	0.00197802	0.00218775	0.47339800	0.33487186
D312	0.01029436	0.00021754	0.05356421	0.13385293	0.00968546	0.00047292	0.15479384	0.63711876
D313	0.15641159	0.02111710	0.00364500	0.78915083	0.00141315	0.00156299	0.00163862	0.02506076
D314	0.10615375	0.60771275	0.00264635	0.02498958	0.06026410	0.05296812	0.02340398	0.12186141
D315	0.00381462	0.00080062	0.85586530	0.02697156	0.00157364	0.00174050	0.00182473	0.10740894
D316	0.00332386	0.00069762	0.84471971	0.01360536	0.02116373	0.00151659	0.00158997	0.11338317
D317	0.00486429	0.00102092	0.72930801	0.01991069	0.00200666	0.01670208	0.07474005	0.15144734
D318	0.02085727	0.00110062	0.78624231	0.00585180	0.00216332	0.00239270	0.17425421	0.00713778
D319	0.28077468	0.00187461	0.01813750	0.62407130	0.00024264	0.00201953	0.00203251	0.07084719
D320	0.04861517	0.00146713	0.63181144	0.04942533	0.00288370	0.00318947	0.00334381	0.25926402
D321	0.00906576	0.00190274	0.81940299	0.01011647	0.00373990	0.03112834	0.03132851	0.09331530
D322	0.15415588	0.03088068	0.75106275	0.03541926	0.00206652	0.00228564	0.01731090	0.00681841
D323	0.17207569	0.00046059	0.02847068	0.58396512	0.01397309	0.00100131	0.07945644	0.12059707
D324	0.15574312	0.00076583	0.00388259	0.62331271	0.06668852	0.05598425	0.00174543	0.09187756
D325	0.01289419	0.19465828	0.01372017	0.05277901	0.00531924	0.42817771	0.23651040	0.05594103
D326	0.01383902	0.00444099	0.70673585	0.13430841	0.00057481	0.00478431	0.00066652	0.13465010
D327	0.00161439	0.00033883	0.74193102	0.09312650	0.00066598	0.00073660	0.00077224	0.16081449
D328	0.14161310	0.00088063	0.00446463	0.56684363	0.21410303	0.00191445	0.00200709	0.06817348
D329	0.22188254	0.00293132	0.63860917	0.01558525	0.00576162	0.00637255	0.00668092	0.10217664
D330	0.03682614	0.40146020	0.00207724	0.16492356	0.15773812	0.01251538	0.11136802	0.11309136
D331	0.33279350	0.00281429	0.45342168	0.13473226	0.00553160	0.00611814	0.04633727	0.01825130
D332	0.02016232	0.00032780	0.02491249	0.78296316	0.15874842	0.00071262	0.01004735	0.00212586
D333	0.02355834	0.00038301	0.75174552	0.05093665	0.00075283	0.00083265	0.02260639	0.14918464
D334	0.00610138	0.00128057	0.13365358	0.02497443	0.00251700	0.00278389	0.31173903	0.51695019
D335	0.03595166	0.00034547	0.81528479	0.08024966	0.00067904	0.00075104	0.00078738	0.06595090
D336	0.00588748	0.00123567	0.84765875	0.00656983	0.00242876	0.00268630	0.05540342	0.07812980
D337	0.04313995	0.00041455	0.77247167	0.02572681	0.00081481	0.00090120	0.00682550	0.14970559
D338	0.06288379	0.00132885	0.15754332	0.00706522	0.04031348	0.00288885	0.17268574	0.55529076
D339	0.01440258	0.00023416	0.01115232	0.86821580	0.00046025	0.04701323	0.03707268	0.02144893
D340	0.00266462	0.00849273	0.76444888	0.09024166	0.00109923	0.06468359	0.00127462	0.06709468
D341	0.01093555	0.00023109	0.52567887	0.13891181	0.00045421	0.01361506	0.03658656	0.27358681
D342	0.00486429	0.00102092	0.90309972	0.03439333	0.00200666	0.01670208	0.00232684	0.03558619
D343	0.06466798	0.00105138	0.73614812	0.06524856	0.00206652	0.00228564	0.01731090	0.11122096
D344	0.00799691	0.00042199	0.84620726	0.05612031	0.00082944	0.00690369	0.00694808	0.07457227
D345	0.10181896	0.00097841	0.67118126	0.04684084	0.00192311	0.04376584	0.01610955	0.11738205
D346	0.92105573	0.00316083	0.00359880	0.05552996	0.00326473	0.00023395	0.00024527	0.01291075
D347	0.88332415	0.00009709	0.00737883	0.03081724	0.01947330	0.03051209	0.00573056	0.02266676
D348	0.02397845	0.01640302	0.52281255	0.06118758	0.00032144	0.00035552	0.09316978	0.28177166
D349	0.73287445	0.00019471	0.04794220	0.09218331	0.00038270	0.00042328	0.06397122	0.06202810
D350	0.00277468	0.00058235	0.72167450	0.10223033	0.00114464	0.00126601	0.00132727	0.16900015
D351	0.00302454	0.01864500	0.88571805	0.00337508	0.01925791	0.00138002	0.00144680	0.06715249
D352	0.57978487	0.00442264	0.00973932	0.36924380	0.00057243	0.00476454	0.00066377	0.03080858
D353	0.00699028	0.00146713	0.96481049	0.00780044	0.00288370	0.00318947	0.00334381	0.00951465
D354	0.03239595	0.00335527	0.73455173	0.03878661	0.00356860	0.00048033	0.00050357	0.18635793
D355	0.02827905	0.00031463	0.72465396	0.09540269	0.00061842	0.00068400	0.03196038	0.11808693
D356	0.71752006	0.00022447	0.00432222	0.24956295	0.00362542	0.00685643	0.00051159	0.01737683
D357	0.01396655	0.00293132	0.92969155	0.01558525	0.00576162	0.00637255	0.00668092	0.01901024
D358	0.54698294	0.00026901	0.02426037	0.31816593	0.01960921	0.02729746	0.01206139	0.05135377
D359	0.06664741	0.00201131	0.86616164	0.03922592	0.00395331	0.00437250	0.00458409	0.01304381
D360	0.40357983	0.00027531	0.01311232	0.31390497	0.12551762	0.00059851	0.01234402	0.13066745
D361	0.01297977	0.00320461	0.67163181	0.11188445	0.00041478	0.00943950	0.00048096	0.18996409
D362	0.53471160	0.01808721	0.05046646	0.18829212	0.01838965	0.07177684	0.03626185	0.08201427
D363	0.69517416	0.00037890	0.03417064	0.13638832	0.02761949	0.00082370	0.04923813	0.05620674
D364	0.01804055	0.00095199	0.92314738	0.03207097	0.00187117	0.00206957	0.00216972	0.01967856
D365	0.01283105	0.00038722	0.88634437	0.02403098	0.00076110	0.01732095	0.00088254	0.05744172
D366	0.01763266	0.00370077	0.75374073	0.01967626	0.00727400	0.00804530	0.06093308	0.12899722
D367	0.00142894	0.00029991	0.82688326	0.03137568	0.00058948	0.00065199	0.03046467	0.10830614
D368	0.04762251	0.00100635	0.80455184	0.00535056	0.00197802	0.00218775	0.00229362	0.13500941
D369	0.01381778	0.00041700	0.78295666	0.01996352	0.00081963	0.00090654	0.10151345	0.07960548
D370	0.63678592	0.00114119	0.01317351	0.28396708	0.00014771	0.00336150	0.00017127	0.06125182
D371	0.67175889	0.00113324	0.00019561	0.26128203	0.00007584	0.00282053	0.00829790	0.05443598
D372	0.03386124	0.21921822	0.07307708	0.00292700	0.00108206	0.02462548	0.17306505	0.47214389
D373	0.00780219	0.00163754	0.79811484	0.00870645	0.00321864	0.00355992	0.09665136	0.08030914
D374	0.75120842	0.00028419	0.01353522	0.18292736	0.00055859	0.00061782	0.04096246	0.00990599
D375	0.00381462	0.05758771	0.77636349	0.00425673	0.00157364	0.00174050	0.00182473	0.15283863
D376	0.01905687	0.00040271	0.81324697	0.05355553	0.00079153	0.00087546	0.00091783	0.11115318
D377	0.65857583	0.00024137	0.00122372	0.19303252	0.07922855	0.06215840	0.00055013	0.00498946
D378	0.01994639	0.00015061	0.72291142	0.07557939	0.00029603	0.01314661	0.00247980	0.16548972
D379	0.00090276	0.04050683	0.52777410	0.16227682	0.01649936	0.04879273	0.00311966	0.20012774
D380	0.53287113	0.00005229	0.03513034	0.25101092	0.02977531	0.03275347	0.00605369	0.11235294
D381	0.00556096	0.00016782	0.00323150	0.69128925	0.05508548	0.01464891	0.11465509	0.11536096
D382	0.00159901	0.00033560	0.76343137	0.01606677	0.01494208	0.00072959	0.12454601	0.07834946
D383	0.00819465	0.00024730	0.65377504	0.15567473	0.00399426	0.00053762	0.00056364	0.17701274
D384	0.00931726	0.00195552	0.89761502	0.01039711	0.00384364	0.00425121	0.05993824	0.01268196
D385	0.00790230	0.00041700	0.81844938	0.00221710	0.00081963	0.00090654	0.03644324	0.13284473
D386	0.00100245	0.03602614	0.13239105	0.45180008	0.00638283	0.02134991	0.00047952	0.35056797
D387	0.00144120	0.00030248	0.84256136	0.07455453	0.02634029	0.00065758	0.02643515	0.02770741
D388	0.01319342	0.62734616	0.03590766	0.14896962	0.00643077	0.00086557	0.00655564	0.16073118
D389	0.00486591	0.00014685	0.70275736	0.05910823	0.01487050	0.02115048	0.00241781	0.19468288
D390	0.00824366	0.01894802	0.87848800	0.00231287	0.00085503	0.01945871	0.03184648	0.03984717
D391	0.00059865	0.00903754	0.80270720	0.03631559	0.00024696	0.00027315	0.06445198	0.08636899
D392	0.00500938	0.80644232	0.02024492	0.06524856	0.00206652	0.07685889	0.00239625	0.02173305
D393	0.30010653	0.00035063	0.01669941	0.12123860	0.00068917	0.07537123	0.00577306	0.47977138
D394	0.01048016	0.53265101	0.01115150	0.07410084	0.16033851	0.00478181	0.06741925	0.13907693
D395	0.02537940	0.00024388	0.09118682	0.18119746	0.02123714	0.01436871	0.00401547	0.66237110
D396	0.01035171	0.00054625	0.00276939	0.01065336	0.00107368	0.03993275	0.00899404	0.92567873
D397	0.12817970	0.00049279	0.05143292	0.00262007	0.11980968	0.22477217	0.01510445	0.45758823
D398	0.13881969	0.00117394	0.00595164	0.00624160	0.00230742	0.06916527	0.00267558	0.77366483
D399	0.02689173	0.00056827	0.00288102	0.01914415	0.00111696	0.00123539	0.00129517	0.94686735
D400	0.07790083	0.00027004	0.10096751	0.07421924	0.02351503	0.00058705	0.00061546	0.72192484
D401	0.27121499	0.00260620	0.08715507	0.01385665	0.00512258	0.00566575	0.00593992	0.60843891
D402	0.19415571	0.00870886	0.00051271	0.66189802	0.00163340	0.01600068	0.01027284	0.10681781
D403	0.29099894	0.00049626	0.00251594	0.03783784	0.00097542	0.14187615	0.00113105	0.52416837
D404	0.08931885	0.00023033	0.01423758	0.10578334	0.05926699	0.07891975	0.00705988	0.64518327
D405	0.10275766	0.00058721	0.05295695	0.04477200	0.47596359	0.00127656	0.00133833	0.32034776
D406	0.15034911	0.00085916	0.02873172	0.00456801	0.73296642	0.00186778	0.03852205	0.04213576
D407	0.09633773	0.00055052	0.04964839	0.03416524	0.50870353	0.00119680	0.00125472	0.30814311
D408	0.73523158	0.00019101	0.04703284	0.11753153	0.01121414	0.02480231	0.00043535	0.06356124
D409	0.74551719	0.00016203	0.01001587	0.14107588	0.04169321	0.01644243	0.01416088	0.03093258
D410	0.78485870	0.00017490	0.01825436	0.08032488	0.02763579	0.00534241	0.00287972	0.08052924
D411	0.71354991	0.00012564	0.01667840	0.15395255	0.00024696	0.03592071	0.00028636	0.07923947
D412	0.00179563	0.01106930	0.03398796	0.10892808	0.43913051	0.05428146	0.00085894	0.34994814
D413	0.79412842	0.03107715	0.01344672	0.10607928	0.00659950	0.02207464	0.00049580	0.02609847
D414	0.79590434	0.00011536	0.01040407	0.09716877	0.01168248	0.02643531	0.00026293	0.05802679
D415	0.71268457	0.00596601	0.02119990	0.11921918	0.00039924	0.11281791	0.00046294	0.02725029
D416	0.01156252	0.31225687	0.08115433	0.01290260	0.10804659	0.00527566	0.45306334	0.01573805
D417	0.73736650	0.00018947	0.00096059	0.08701775	0.01112371	0.06223185	0.00849531	0.09261478
D418	0.72274923	0.00027639	0.01316373	0.21711506	0.00054326	0.01236334	0.00062994	0.03315908
D419	0.01570722	0.00082886	0.02771823	0.05143904	0.78941786	0.00180190	0.00188909	0.11119770
D420	0.78328419	0.00018696	0.00890439	0.06199419	0.00036748	0.10914586	0.01368701	0.02242992
D421	0.08663394	0.00140850	0.76640922	0.00748872	0.00276846	0.00306201	0.00321019	0.12901893
D422	0.51845294	0.00020609	0.00104484	0.40747127	0.03841142	0.00921873	0.01508754	0.01010724
D423	0.04597812	0.00024304	0.00123216	0.02887381	0.64864588	0.03500539	0.13156664	0.10845496
D424	0.54079175	0.00026596	0.00134838	0.16364872	0.08729943	0.15903994	0.00060617	0.04699961
D425	0.86844355	0.00034717	0.00176010	0.05602019	0.00068238	0.03522932	0.00079126	0.03672607
D426	0.75692594	0.00021230	0.00107631	0.12761642	0.00041728	0.06671698	0.00048386	0.04655096
D427	0.76262867	0.00640957	0.00074603	0.07384393	0.01698902	0.11304343	0.00033538	0.02600398
D428	0.65582031	0.00022736	0.00437798	0.18182594	0.02302402	0.06822569	0.00051819	0.06598059
D429	0.66662520	0.00009886	0.00891579	0.18985365	0.04507207	0.00862950	0.00022532	0.08057964
D430	0.68803102	0.00032478	0.00164657	0.19523223	0.00985291	0.04217150	0.00074022	0.06200081
D431	0.64879572	0.00008979	0.00427666	0.23231034	0.02310502	0.03968323	0.00020465	0.05153462
D432	0.69736749	0.00018597	0.00094285	0.18830006	0.01883285	0.05316804	0.01097661	0.03022614
D433	0.05982684	0.00045174	0.09841439	0.04725974	0.29566869	0.00098206	0.00102958	0.49636698
D434	0.17738746	0.00019743	0.00100094	0.56679970	0.01719251	0.17687598	0.00044998	0.06009598
D435	0.04711869	0.03979974	0.49221227	0.05650944	0.03754293	0.11816304	0.04340955	0.16524440
D436	0.05234172	0.00058235	0.87037557	0.00309626	0.00114464	0.05083305	0.00132727	0.02029904
D437	0.10756978	0.00037288	0.71070451	0.01256186	0.00073292	0.13834171	0.00084986	0.02886651
D438	0.03957457	0.00957425	0.00156676	0.65755165	0.03364821	0.00032042	0.11203468	0.14572948
D439	0.01769590	0.01125771	0.00330447	0.77891219	0.09601596	0.02414110	0.04608608	0.02258655
D440	0.00160351	0.21779265	0.00590791	0.02666172	0.00196781	0.00120825	0.52465856	0.22019969
D441	0.15400484	0.02660173	0.01020183	0.52265364	0.27871311	0.00030835	0.00058671	0.00692981
D442	0.20746791	0.03921689	0.03339717	0.52391380	0.16548434	0.00037325	0.00071020	0.02943646
D443	0.00114746	0.00145654	0.93059033	0.00282689	0.00140815	0.05774653	0.00164513	0.00317901
D444	0.03192881	0.01758440	0.93227613	0.00518749	0.00258402	0.00158660	0.00301889	0.00583363
D445	0.01833163	0.03013623	0.76735049	0.03352493	0.00874091	0.01187772	0.00128596	0.12875213
D446	0.00114746	0.00145654	0.78432250	0.00282689	0.02578611	0.00086461	0.10728297	0.07631289
D447	0.00503203	0.00638744	0.30362329	0.08366784	0.00617523	0.00379163	0.50611061	0.08521198
D448	0.00178605	0.10345361	0.00658044	0.57357401	0.20456477	0.00134579	0.04050561	0.06818976
D449	0.41351971	0.00053656	0.02251158	0.40515804	0.03045330	0.00031851	0.00060603	0.12689628
D450	0.05504909	0.03819084	0.88535810	0.00609658	0.00303686	0.00186465	0.00354794	0.00685597
D451	0.00937519	0.01190046	0.83125085	0.02309680	0.01150509	0.00706419	0.01344131	0.09236616
D452	0.07294627	0.00416247	0.87130886	0.03130102	0.00402418	0.00247087	0.00470142	0.00908493
D453	0.00740788	0.00940324	0.76174039	0.07071063	0.00909084	0.00558182	0.01062076	0.12544435
D454	0.00381007	0.00483634	0.79651117	0.03636837	0.00467566	0.00287088	0.08640809	0.06451939
D455	0.00207471	0.00263354	0.80103874	0.01980376	0.01723855	0.06033327	0.04705202	0.04982541
D456	0.00087132	0.00727650	0.57706487	0.16874954	0.00106928	0.00065654	0.03210162	0.21221028
D457	0.00699862	0.00109924	0.72070926	0.02053135	0.00106272	0.03131570	0.15455751	0.06372555
D458	0.00469725	0.43840277	0.31668809	0.04483684	0.03902904	0.00353937	0.13979305	0.01301362
D459	0.00361499	0.00458871	0.93493181	0.00890593	0.00443626	0.02832425	0.00518285	0.01001524
D460	0.00207471	0.01732604	0.88919377	0.03449626	0.00254605	0.01625579	0.00297453	0.03513291
D461	0.00045106	0.00376681	0.53829688	0.17360105	0.03888460	0.00033987	0.01342371	0.23123606
D462	0.39521796	0.00334954	0.00147776	0.21685924	0.01469426	0.00030222	0.29597759	0.07212144
D463	0.00040338	0.00051204	0.60138005	0.07526635	0.00906494	0.02315705	0.00343497	0.28678128
D464	0.00126009	0.03729405	0.65606803	0.02987529	0.01047000	0.00094948	0.12673752	0.13734560
D465	0.00131894	0.00167421	0.58396339	0.04995129	0.00161859	0.00099382	0.00189098	0.35858878
D466	0.00116642	0.00148060	0.85510153	0.03591453	0.00143141	0.00087889	0.00993254	0.09409409
D467	0.03056164	0.00255837	0.73535287	0.00496536	0.00247337	0.00151866	0.07425502	0.14831464
D468	0.00287817	0.16671257	0.72398794	0.02747308	0.00353205	0.02255109	0.00412646	0.04873868
D469	0.00966618	0.23868184	0.69048715	0.00294661	0.00146778	0.00090123	0.00171480	0.05413441
D470	0.00023931	0.07826170	0.66182929	0.05990538	0.00029368	0.00526453	0.03423785	0.15996832
D471	0.26785594	0.00054471	0.00765893	0.69089687	0.02179920	0.00336229	0.00061524	0.00726676
D472	0.00612301	0.57147127	0.06592079	0.05844617	0.00751407	0.00461368	0.00877863	0.27713239
D473	0.25395238	0.00188555	0.01599233	0.37184048	0.30688712	0.01163873	0.00212969	0.03567374
D474	0.00088776	0.00112688	0.10386055	0.15307170	0.34057981	0.21442211	0.02642022	0.15963097
D475	0.07032478	0.00054471	0.00158105	0.86107761	0.00964344	0.00032334	0.02796572	0.02853935
D476	0.10600820	0.00055655	0.00161541	0.84253317	0.00053806	0.03759028	0.00062861	0.01052970
D477	0.00102279	0.31999579	0.01101145	0.05322164	0.00125515	0.03698630	0.00146639	0.57504052
D478	0.00319611	0.23575529	0.03786531	0.12140157	0.00888722	0.00029799	0.49907994	0.09351659
D479	0.00024990	0.02686298	0.02569676	0.32978314	0.47459096	0.00018830	0.00743715	0.13519087
D480	0.00392084	0.64309072	0.15295804	0.01837369	0.01090245	0.00036556	0.01787404	0.15251467
D481	0.00114746	0.00145654	0.06923556	0.25473252	0.09079401	0.01711659	0.01789710	0.54762018
D482	0.40374970	0.00093815	0.00272300	0.39436364	0.11605287	0.06336375	0.01152743	0.00728149
D483	0.00235105	0.00298432	0.40824950	0.00579207	0.00288517	0.13496733	0.41960761	0.02316300
D484	0.00174198	0.05155617	0.75892889	0.02896405	0.00213774	0.00131258	0.07651496	0.07884358
D485	0.01373925	0.05031478	0.78881198	0.00418824	0.01412547	0.00128098	0.05059419	0.07694516
D486	0.00065356	0.00082960	0.85401553	0.02012332	0.02394355	0.00049245	0.00093701	0.09900501
D487	0.00068861	0.52266759	0.24636583	0.08459825	0.00084506	0.00539544	0.00098727	0.13845187
D488	0.00381007	0.08578188	0.36480168	0.00938653	0.03165751	0.05683457	0.30226287	0.14546494
D489	0.00987609	0.02885992	0.36320052	0.06397459	0.00683291	0.00033453	0.01635673	0.51056474
D490	0.00143999	0.36894271	0.23985103	0.04433812	0.02216241	0.00108503	0.01226217	0.30991849
D491	0.04952604	0.00040094	0.00787422	0.32959166	0.49248946	0.00471165	0.00045285	0.11495323
D492	0.01086897	0.01397262	0.52228129	0.11094621	0.03164591	0.02160266	0.07009847	0.21858391
D493	0.05919889	0.02222391	0.00980481	0.15732333	0.00326579	0.17161827	0.28650382	0.29006121
D494	0.00146997	0.00186592	0.86944163	0.01403139	0.04344372	0.00110762	0.00210752	0.06653222
D495	0.00781802	0.00992385	0.91464424	0.01926054	0.00959415	0.00589086	0.01120877	0.02165961
D496	0.00419466	0.76519060	0.02029046	0.11154769	0.02636638	0.00039109	0.01544667	0.05657246
D497	0.00048851	0.72710794	0.09520541	0.02887922	0.00059949	0.00036809	0.04221397	0.10513737
D498	0.62306172	0.00053656	0.00155738	0.30637395	0.04542059	0.01827925	0.00359949	0.00117108
D499	0.21366546	0.00744928	0.35409686	0.01445780	0.00720179	0.00442194	0.38244826	0.01625865
D500	0.16960016	0.00012586	0.00513239	0.21329167	0.04349706	0.46695408	0.00018385	0.10121492
D501	0.01130084	0.41893160	0.01111443	0.18570691	0.16809103	0.02312949	0.00597075	0.17575498
D502	0.42833894	0.01529589	0.00106483	0.22148387	0.00119993	0.29533362	0.00057204	0.03671086
D503	0.04596193	0.00058265	0.25290683	0.03386376	0.00178533	0.01808071	0.46653691	0.18028191
D504	0.00097602	0.00035302	0.69514203	0.01156031	0.00108170	0.02439059	0.13039491	0.13610144
D505	0.48586145	0.00022632	0.01210027	0.12800242	0.01217835	0.33721310	0.00607303	0.01834513
D506	0.39322573	0.00041208	0.00112050	0.07622807	0.14241378	0.38396260	0.00060194	0.00203530
D507	0.08503352	0.00412893	0.01612930	0.82508284	0.00092438	0.00170710	0.05019490	0.01679902
D508	0.00172570	0.00062418	0.30260548	0.12338217	0.00191256	0.00353201	0.04050495	0.52571297
D509	0.00163507	0.00059140	0.16666874	0.08689120	0.00181212	0.00334651	0.12090799	0.61814702
D510	0.00068042	0.00961278	0.00066920	0.55132651	0.06944307	0.36669305	0.00035950	0.00121555
D511	0.00671834	0.01146720	0.26595971	0.06388436	0.00684850	0.01349282	0.56880331	0.06282572
D512	0.04526553	0.00022000	0.04525549	0.83336383	0.00904736	0.03194680	0.03381432	0.00108662
D513	0.07591628	0.02711825	0.00114443	0.09387457	0.14011596	0.02907898	0.00061480	0.63213676
D514	0.02971740	0.01919782	0.00197937	0.61487406	0.07611005	0.08723364	0.01029828	0.16058943
D515	0.04948312	0.00042314	0.01725499	0.20710939	0.13013186	0.07218017	0.00061810	0.52279925
D516	0.09862172	0.00034989	0.03202324	0.57518971	0.01438860	0.25055462	0.00051110	0.02836114
D517	0.04880443	0.01360578	0.02468449	0.64449865	0.01939949	0.16193028	0.00834523	0.07873173
D518	0.15050662	0.00031876	0.00086675	0.38652360	0.06567957	0.32127401	0.00450955	0.07032115
D519	0.00213062	0.00077063	0.00209548	0.59228259	0.12945800	0.26833078	0.00112571	0.00380626
D520	0.01074372	0.00388594	0.50355738	0.02865446	0.06120613	0.02198923	0.15357366	0.21638951
D521	0.06988947	0.00027248	0.00074091	0.54818469	0.00774852	0.36450654	0.00039802	0.00825942
D522	0.16587749	0.00038211	0.00103902	0.50212842	0.04964762	0.23485076	0.00055817	0.04551640
D523	0.15968469	0.00036785	0.00100023	0.28738093	0.09446106	0.36608383	0.00053733	0.09048408
D524	0.00500620	0.00443442	0.00499142	0.63950372	0.00099277	0.31833547	0.00047328	0.02626277
D525	0.00072574	0.00026250	0.00071377	0.84447038	0.00746468	0.12470193	0.00038344	0.02127757
D526	0.01740900	0.00032534	0.00913940	0.83200270	0.00925164	0.03073264	0.00047524	0.10066403
D527	0.01878706	0.15225457	0.00125134	0.11432006	0.03643956	0.00844232	0.40351114	0.26499397
D528	0.00221734	0.00080200	0.63300347	0.00591383	0.00245743	0.00453823	0.13344079	0.21762691
D529	0.00264849	0.00095794	0.46441802	0.20151143	0.10015909	0.04187962	0.00139932	0.18702608
D530	0.00067831	0.37374628	0.27456781	0.08895933	0.04121435	0.01383833	0.12485869	0.08213697
D531	0.26774150	0.00024765	0.00381525	0.69931573	0.00075884	0.01396876	0.00036176	0.01379056
D532	0.00540978	0.00195669	0.65073246	0.03925190	0.00599554	0.01107222	0.12697591	0.15860553
D533	0.00492114	0.00177995	0.02742130	0.01312512	0.02803534	0.84558171	0.00260006	0.07653540
D534	0.05978203	0.00029056	0.01184858	0.07217976	0.00089031	0.73150569	0.00042443	0.12307868
D535	0.03308542	0.00021345	0.01141217	0.39693323	0.26061630	0.29637334	0.00031180	0.00105426
D536	0.13814227	0.00022124	0.00621508	0.11390126	0.01751838	0.61873621	0.00032317	0.10494236
D537	0.00201257	0.00072793	0.00197937	0.19930153	0.03917026	0.75214964	0.00106333	0.00359536
D538	0.13293540	0.00020459	0.00055630	0.25586620	0.01100882	0.52025485	0.00029885	0.07887505
D539	0.07132261	0.00050116	0.00136272	0.14356951	0.02696725	0.74671155	0.00073206	0.00883318
D540	0.32959062	0.00033645	0.00091485	0.01101754	0.01383587	0.56959009	0.00049146	0.07422314
D541	0.00119555	0.00043242	0.05054924	0.03610424	0.08361401	0.69367468	0.06646287	0.06796700
D542	0.04110565	0.00100689	0.00273790	0.12239020	0.10527681	0.60607308	0.01424476	0.10716472
D543	0.05585080	0.00025569	0.00718277	0.05702929	0.24730909	0.62424850	0.00037349	0.00775038
D544	0.13303864	0.00015150	0.00233398	0.36438003	0.08311133	0.40448275	0.00406536	0.00843639
D545	0.00179032	0.00011587	0.00913491	0.02878390	0.13706258	0.79150146	0.00310920	0.02850179
D546	0.00130275	0.00047120	0.00128126	0.18280992	0.00742165	0.64827365	0.00068830	0.15775128
D547	0.00190690	0.00068972	0.01937566	0.24133870	0.13336495	0.49390870	0.00100751	0.10840784
D548	0.02512507	0.00016209	0.00455358	0.06288756	0.07041462	0.72271717	0.00846242	0.10567751
D549	0.02630615	0.00951479	0.02587222	0.31157988	0.02915456	0.53667897	0.01389875	0.04699472
D550	0.03380238	0.00356890	0.00070905	0.26988244	0.00079900	0.55724365	0.01361348	0.12038109
D551	0.01570321	0.00625616	0.00064503	0.02582498	0.06392575	0.81088996	0.00034652	0.07640841
D552	0.11834564	0.00022632	0.00061540	0.19691165	0.17583774	0.50661492	0.00033060	0.00111782
D553	0.25525025	0.01405769	0.00059326	0.23964845	0.06156239	0.40258053	0.00031870	0.02598873
D554	0.05191878	0.00049799	0.00135411	0.06684954	0.05206786	0.74199402	0.01968067	0.06563707
D555	0.02089634	0.00135240	0.00367739	0.07860149	0.07277299	0.71110058	0.00197552	0.10962326
D556	0.00110465	0.00039954	0.00108642	0.07390975	0.11780725	0.61558878	0.04620307	0.14390051
D557	0.00344365	0.00124555	0.00338685	0.18300317	0.06702331	0.68652099	0.00181944	0.05355701
D558	0.38427806	0.00021757	0.00335188	0.14513804	0.27669296	0.13648407	0.00307809	0.05075936
D559	0.03805360	0.00135240	0.02083466	0.13007329	0.00414394	0.79688692	0.00197552	0.00667968
D560	0.01175192	0.00011272	0.00030651	0.47846237	0.03180613	0.01064808	0.40772420	0.05918812
D561	0.02971044	0.05771489	0.00102413	0.15567929	0.00115406	0.74275047	0.00055017	0.01141662
D562	0.03288778	0.00028123	0.00076470	0.21614206	0.14714174	0.59384704	0.00397861	0.00495683
D563	0.01056457	0.00068373	0.83458275	0.06576120	0.00209505	0.00386902	0.02702138	0.05542227
D564	0.00394197	0.01951409	0.67314410	0.15522000	0.00436881	0.02615636	0.00208272	0.11557196
D565	0.00380434	0.05374632	0.63218546	0.02760330	0.00421628	0.00778637	0.00201001	0.26864788
D566	0.01395358	0.00090307	0.70132083	0.05248635	0.00276712	0.00511016	0.07006000	0.15339886
D567	0.00197607	0.29087377	0.59132904	0.02340529	0.02032498	0.00404443	0.00104405	0.06700245
D568	0.00179685	0.30571812	0.59541351	0.06250796	0.00199141	0.00367762	0.00094936	0.02794524
D569	0.00125764	0.17358072	0.76876152	0.01489596	0.00716468	0.00257402	0.02951878	0.00224672
D570	0.00126494	0.11654467	0.86028904	0.01498242	0.00140191	0.00258896	0.00066833	0.00225976
D571	0.03895596	0.06519074	0.55166197	0.09488788	0.00130355	0.02939286	0.00062143	0.21798560
D572	0.02838527	0.07109688	0.70871192	0.12419655	0.00094983	0.00961930	0.02011584	0.03692450
D573	0.00210999	0.06853724	0.78631788	0.08308361	0.05074851	0.00431854	0.00111481	0.00376941
D574	0.01038441	0.00067207	0.00182748	0.34600726	0.30047935	0.29369679	0.00098173	0.04595089
D575	0.04661747	0.00044714	0.00121585	0.22453064	0.08645990	0.49037841	0.01199847	0.13835216
D576	0.00349894	0.00126555	0.58143556	0.05749819	0.16443178	0.03927210	0.00184865	0.15074927
D577	0.00373907	0.22439684	0.55270988	0.00997244	0.00414394	0.02481004	0.15639089	0.02383694
D578	0.05594201	0.00020782	0.00056510	0.32846394	0.10609857	0.26746696	0.00030358	0.24095199
D579	0.08848508	0.00043006	0.01753742	0.10137930	0.27957395	0.17156968	0.21886835	0.12215620
D580	0.15498659	0.00092425	0.00251318	0.26477587	0.10836134	0.36871991	0.00135010	0.09836882
D581	0.01551642	0.00023440	0.28611007	0.33180624	0.08992845	0.08161557	0.00034240	0.19444652
D582	0.00289475	0.29327241	0.48103401	0.07413542	0.01649116	0.00592470	0.01481240	0.11143511
D583	0.02256645	0.00080200	0.64317799	0.02626295	0.00245743	0.00453823	0.08256799	0.21762691
D584	0.00221734	0.00080200	0.66352713	0.02626296	0.00245743	0.00453823	0.08256800	0.21762694
D585	0.00310068	0.04380525	0.71444547	0.06518147	0.01766434	0.00634618	0.00163823	0.14781840
D586	0.00900274	0.00058265	0.48944563	0.03386376	0.00917716	0.07721542	0.00824295	0.37246969
D587	0.00719611	0.00260279	0.53540307	0.01919266	0.00797529	0.01472831	0.00380203	0.40909976
D588	0.07013190	0.00027342	0.00074348	0.66802526	0.07021376	0.07439195	0.00039940	0.11582078
D589	0.01827274	0.00023164	0.12993349	0.38668025	0.00658722	0.21583724	0.00033837	0.24211903
D590	0.00942606	0.00027292	0.07006316	0.51463521	0.00732313	0.16204059	0.00252755	0.23371144
D591	0.13676500	0.00042560	0.02110280	0.42957866	0.02837369	0.33068305	0.03784868	0.01522248
D592	0.00101008	0.01845459	0.16034918	0.46002421	0.01918537	0.02870036	0.00952773	0.30274853
D593	0.00101313	0.02153220	0.35120982	0.19549212	0.01017781	0.00159050	0.00049099	0.41849336
D594	0.36934251	0.01402057	0.03240443	0.13319802	0.19902791	0.18179446	0.00072886	0.06948323
D595	0.33700329	0.00044841	0.02937842	0.09893054	0.19422451	0.21622425	0.00058045	0.12321018
D596	0.38836491	0.00034491	0.01984954	0.10082608	0.19335933	0.16631591	0.00044647	0.13049287
D597	0.65460587	0.00035366	0.00344784	0.23862305	0.02921212	0.01838798	0.00045779	0.05491170
D598	0.04993455	0.62978107	0.00134026	0.19585583	0.00220508	0.00315314	0.11479770	0.00293231
D599	0.01120410	0.20470326	0.47532976	0.02315946	0.07913677	0.01758908	0.03884790	0.15002963
D600	0.01173952	0.04084738	0.02123285	0.18445757	0.34368962	0.13334915	0.17676347	0.08792042
D601	0.02095104	0.67235118	0.01557926	0.07100689	0.01144421	0.00254361	0.04911217	0.15701170
D602	0.01077492	0.00908235	0.30844510	0.08628700	0.00297022	0.06073351	0.43706241	0.08464447
D603	0.11160778	0.00599892	0.53640676	0.08091328	0.06538366	0.02515467	0.00776532	0.16676968
D604	0.00988301	0.00370007	0.00659482	0.02042871	0.04032794	0.66402543	0.00478957	0.25025046
D605	0.02727891	0.00078982	0.00140773	0.19942263	0.05894696	0.59478992	0.00102238	0.11634167
D606	0.13318294	0.00034586	0.00061644	0.23336305	0.01203580	0.13095400	0.12168524	0.36781672
D607	0.03292642	0.00176980	0.42614296	0.08026943	0.10388713	0.00742111	0.00229092	0.34529224
D608	0.12134337	0.01305859	0.00070815	0.39785856	0.07396744	0.27704880	0.01001026	0.10600487
D609	0.13376620	0.01718038	0.00672656	0.58647060	0.17242420	0.01938356	0.06135796	0.00269053
D610	0.00915046	0.01456595	0.83758533	0.10754250	0.00937531	0.00360691	0.00796635	0.01020719
D611	0.07058309	0.00120782	0.80081409	0.08364795	0.02278668	0.01468703	0.00156346	0.00470991
D612	0.00746307	0.00279408	0.69503587	0.08220617	0.00819344	0.10075558	0.00361680	0.09993505
D613	0.00289216	0.02696183	0.69203782	0.02323094	0.00317520	0.03904573	0.04453336	0.16812299
D614	0.00550310	0.03488813	0.84078205	0.01137520	0.03886949	0.04146704	0.01908087	0.00803416
D615	0.07889848	0.12559283	0.66318756	0.04094927	0.02174919	0.03110003	0.00960067	0.02892196
D616	0.01168776	0.02460213	0.02217091	0.46287933	0.01716816	0.00411495	0.04896551	0.40841115
D617	0.01937311	0.61118889	0.14833347	0.05358114	0.00534040	0.02214520	0.00235739	0.13768043
D618	0.01327432	0.32471722	0.09790439	0.18015188	0.02482938	0.00299183	0.00092359	0.35520738
D619	0.12781435	0.01872423	0.00134026	0.09401303	0.10404790	0.60222852	0.00097338	0.05085834
D620	0.01084179	0.00405902	0.03957204	0.11942288	0.01190281	0.69610661	0.00525421	0.11284062
D621	0.07134064	0.00067151	0.01189640	0.46378779	0.01266869	0.39334902	0.00086924	0.04541673
D622	0.02717835	0.00146084	0.00260372	0.20591502	0.00428380	0.58803582	0.00189098	0.16863145
D623	0.07389431	0.00033932	0.00060478	0.48846000	0.01180805	0.32581389	0.00314249	0.09593722
D624	0.01132315	0.00106442	0.00189717	0.10763739	0.13032202	0.69982702	0.00137784	0.04655097
D625	0.10707062	0.03225250	0.00117796	0.07736268	0.29152772	0.31868729	0.02191657	0.15000467
D626	0.18331806	0.00246487	0.00439326	0.05288326	0.06613950	0.67799860	0.00319066	0.00961184
D627	0.34077680	0.00034682	0.00061815	0.37492141	0.01483207	0.23354724	0.03360507	0.00135242
D628	0.00316520	0.00118501	0.00211210	0.15759447	0.19228975	0.59029484	0.03929690	0.01406172
D629	0.17744754	0.00035167	0.00342852	0.16444126	0.01223813	0.59263706	0.02286896	0.02658682
D630	0.02490422	0.00093726	0.00167052	0.14704636	0.44329712	0.37727642	0.00121323	0.00365486
D631	0.19395435	0.07559240	0.00400009	0.39778855	0.00447197	0.25668585	0.01360626	0.05390057
D632	0.00399493	0.00149565	0.00266577	0.10358219	0.27844369	0.53055602	0.01385161	0.06541011
D633	0.00671563	0.00251424	0.06457271	0.13406447	0.32786062	0.39112195	0.04331554	0.02983486
D634	0.01829815	0.00052979	0.00094428	0.22240482	0.06064429	0.49605098	0.00068579	0.20044187
D635	0.04254658	0.00043294	0.00422084	0.26452810	0.05990565	0.47780237	0.00400961	0.14655387
D636	0.00189500	0.00070946	0.00126451	0.37130666	0.22251420	0.33645162	0.00091837	0.06494019
D637	0.14208277	0.00043146	0.00420633	0.47329569	0.07688637	0.22179800	0.00055850	0.08074096
D638	0.05368222	0.00038870	0.07811043	0.04549995	0.00733325	0.02330684	0.41236490	0.37931374
D639	0.47369304	0.01563021	0.00983070	0.30706218	0.09565660	0.05649584	0.00049548	0.04113599
D640	0.23394337	0.00144403	0.00257377	0.33009359	0.00423452	0.38569754	0.01337355	0.02863968
D641	0.23222126	0.30385235	0.06026943	0.10373362	0.00340383	0.00130954	0.17456660	0.12064341
D642	0.02587007	0.55168605	0.04827438	0.09845360	0.06490713	0.08164765	0.06331239	0.06584871
D643	0.01172072	0.00110180	0.17751957	0.08508330	0.03834210	0.57517636	0.00142622	0.10962995
D644	0.00819253	0.10080956	0.00546678	0.11467678	0.03342988	0.28165284	0.00397032	0.45180130
D645	0.00143325	0.11168385	0.00095639	0.08418559	0.54876000	0.08347302	0.03489374	0.13461417
D646	0.03106683	0.00551932	0.09426910	0.09166665	0.31074375	0.32623118	0.07925741	0.06124575
D647	0.02816502	0.00081547	0.00145346	0.01099908	0.00239132	0.76353532	0.00105559	0.19158475
D648	0.16996735	0.14794143	0.31359246	0.03082486	0.15235773	0.02778997	0.14861435	0.00891183
D649	0.00508572	0.00190403	0.00339364	0.16220251	0.00558343	0.69058919	0.00246467	0.12877686
D650	0.00568989	0.00213022	0.00379680	0.19844276	0.05715984	0.63686091	0.00275747	0.09316206
D651	0.01322036	0.00038277	0.01288019	0.50527889	0.07735966	0.14188150	0.04013883	0.20885783
D652	0.00248489	0.00093031	0.63164288	0.12372175	0.00272807	0.01131255	0.09014326	0.13703631
D653	0.23756440	0.00241740	0.00430865	0.10964163	0.37300897	0.10643140	0.00312921	0.16349834
D654	0.00419487	0.00157050	0.30308482	0.05871863	0.15474822	0.00658544	0.11464005	0.35645747
D655	0.49188998	0.00090352	0.00161039	0.24972680	0.18980235	0.00378865	0.00116957	0.06110880
D656	0.52866101	0.00061252	0.00109173	0.17905681	0.19699058	0.00744830	0.00079288	0.08534618
D657	0.38632262	0.00023731	0.00042298	0.18281084	0.37125963	0.04826089	0.00030719	0.01037857
D658	0.12423884	0.00061553	0.00109709	0.09657044	0.07045805	0.47824869	0.00079677	0.22797461
D659	0.05820400	0.02597215	0.01187260	0.08455307	0.21294962	0.59626931	0.00049221	0.00968704
D660	0.39784646	0.00874442	0.00043373	0.11217887	0.29333869	0.18303411	0.00332250	0.00110123
D661	0.41279727	0.00059125	0.00106413	0.09441362	0.30938739	0.17089304	0.00119733	0.00965596
D662	0.21620011	0.00062608	0.00112682	0.12206713	0.27606672	0.25459895	0.00126786	0.12804632
D663	0.14001523	0.00016451	0.00029609	0.10560506	0.07254175	0.62611270	0.00033315	0.05493148
D664	0.00375451	0.51237714	0.12686010	0.06864972	0.01554804	0.00599365	0.00179725	0.26501963
D665	0.02103495	0.01210768	0.00060055	0.11607813	0.18638045	0.59487838	0.02029907	0.04862081
D666	0.01238337	0.00077433	0.15622255	0.28758600	0.15928689	0.35131755	0.00156809	0.03086117
D667	0.06513896	0.00036057	0.02185348	0.06605870	0.75695729	0.01939869	0.03041652	0.03981581
D668	0.00752483	0.00177873	0.00320136	0.03298314	0.76340032	0.01201255	0.00360207	0.17549700
D669	0.01563506	0.00899951	0.00336355	0.15045729	0.54985487	0.06001828	0.00633659	0.20533487
D670	0.02297001	0.00044795	0.01661245	0.08733756	0.62955928	0.00302522	0.00617588	0.23387165
D671	0.44970575	0.00025095	0.00045166	0.15813686	0.17854111	0.13746864	0.03002425	0.04542083
D672	0.00785344	0.00185640	0.00334116	0.07809293	0.36004320	0.25271904	0.00375937	0.29233444
D673	0.04145530	0.00259221	0.46200180	0.01757844	0.01492382	0.04799541	0.15769488	0.25575814
D674	0.02964445	0.06684244	0.47651368	0.09721615	0.01376936	0.05848597	0.12816565	0.12936223
D675	0.09175932	0.00068677	0.07393476	0.00465715	0.00395385	0.05310385	0.00139076	0.77051353
D676	0.09101474	0.00062608	0.03058220	0.02633715	0.04042369	0.07050281	0.00863171	0.73188162
D677	0.01770444	0.00110706	0.00199249	0.07261262	0.65742695	0.11164503	0.00224189	0.13526954
D678	0.21760523	0.00149688	0.14354259	0.09818106	0.04382995	0.04532123	0.44318286	0.00684020
D679	0.07682445	0.61676276	0.14773721	0.09996540	0.00510948	0.00599365	0.00179725	0.04580978
D680	0.01398350	0.00018694	0.05310707	0.67409295	0.05384687	0.00785883	0.10811856	0.08880527
D681	0.00117619	0.04278967	0.03320166	0.10979955	0.08989406	0.71476513	0.00710328	0.00127049
D682	0.00621428	0.00038858	0.00069937	0.07119125	0.11192703	0.75674230	0.04192062	0.01091649
D683	0.01000717	0.00460147	0.00064895	0.03213144	0.11233943	0.78276199	0.02617562	0.03133400
D684	0.03670687	0.00867681	0.01561653	0.46706060	0.25406447	0.16065361	0.01757126	0.03964986
D685	0.00132821	0.00031396	0.00056507	0.02059297	0.08674151	0.88100225	0.00802136	0.00143470
D686	0.01103691	0.00039767	0.05684331	0.00737399	0.13325381	0.67621666	0.04757830	0.06729937
D687	0.32402408	0.46916834	0.09352124	0.02722942	0.00239006	0.03698357	0.03990347	0.00677990
D688	0.07102851	0.02250652	0.00048609	0.61492187	0.03967451	0.24324815	0.00054693	0.00758743
D689	0.04891286	0.00512289	0.00072248	0.61651278	0.02119693	0.20101257	0.04802758	0.05849195
D690	0.24231321	0.00059959	0.02223590	0.39899227	0.03871322	0.27908725	0.00121422	0.01684441
D691	0.00850869	0.03182143	0.00721546	0.24766517	0.05938400	0.58557564	0.00107744	0.05875216
D692	0.04189549	0.00056009	0.01418340	0.78773147	0.02298757	0.09600999	0.00113423	0.03549778
D693	0.02852051	0.00072175	0.00129900	0.14920844	0.00415523	0.81133533	0.00146160	0.00329812
D694	0.01828551	0.00024445	0.01194088	0.01890907	0.03878532	0.86709428	0.02062163	0.02411888
D695	0.00159999	0.00037821	0.00068070	0.03370371	0.14897548	0.77213192	0.04080174	0.00172828
D696	0.03899580	0.00970514	0.00136871	0.13932684	0.15643737	0.64915097	0.00154004	0.00347512
D697	0.07687868	0.00039954	0.00071909	0.07789782	0.04459371	0.78747779	0.00550837	0.00652501
D698	0.00195691	0.00046258	0.04979918	0.09562938	0.08427420	0.75938648	0.00093675	0.00755454
D699	0.00162898	0.00038506	0.00069303	0.07507543	0.48229235	0.43738583	0.00077978	0.00175958
D700	0.02139208	0.00041718	0.01056445	0.03226984	0.35078490	0.51312506	0.06954009	0.00190636
D701	0.10507435	0.00039954	0.00071909	0.10139421	0.02579660	0.56661171	0.00080909	0.19919544
D702	0.05713259	0.00357251	0.63671851	0.06624537	0.06258686	0.15018450	0.00723462	0.01632506
D703	0.02033154	0.00346875	0.00048920	0.29915908	0.04951902	0.52933156	0.00055043	0.09715041
D704	0.11203606	0.00049202	0.00088554	0.28690362	0.23431599	0.28110287	0.00099639	0.08326752
D705	0.30120096	0.00024306	0.00043745	0.43904278	0.03570478	0.21319176	0.00049221	0.00968704
D706	0.17951998	0.00024875	0.08529298	0.28547966	0.11846005	0.08359948	0.22870830	0.01869087
D707	0.01102261	0.57442856	0.12189366	0.03141927	0.05081874	0.00844552	0.05305856	0.14891313
D708	0.02096215	0.00021319	0.03298161	0.17446536	0.12409642	0.00143978	0.00043173	0.64540976
D709	0.00093960	0.00022210	0.00039974	0.22094266	0.14756970	0.00149996	0.00044978	0.62797648
D710	0.03215228	0.00042983	0.11199786	0.02313741	0.00247464	0.00290287	0.73899496	0.08791019
D711	0.00939012	0.00058717	0.17371038	0.01088787	0.01719271	0.00396539	0.74014640	0.04412000
D712	0.08709581	0.00040333	0.00072591	0.04542984	0.17310113	0.65737712	0.01030450	0.02556238
D713	0.12244114	0.00019509	0.00035113	0.07245674	0.13191754	0.52678961	0.06923421	0.07661455
D714	0.04294661	0.00068126	0.00122614	0.00461983	0.35649016	0.55749160	0.00137961	0.03516477
D715	0.48365662	0.00068126	0.05731650	0.02064565	0.12411581	0.29306564	0.00137961	0.01913895
D716	0.35565212	0.00090642	0.00163137	0.26201397	0.09050753	0.28331104	0.00183557	0.00414200
D717	0.06780949	0.00244322	0.37797537	0.01656814	0.35890737	0.04523695	0.03368450	0.09737495
D718	0.47572580	0.02013942	0.00043497	0.19777378	0.00423390	0.00163214	0.02322969	0.27683029
D719	0.21397705	0.01932988	0.00048609	0.71339750	0.00155490	0.01453051	0.00054693	0.03617714
D720	0.13805114	0.00125402	0.00225698	0.00850384	0.12521613	0.03796808	0.23853250	0.44821727
D721	0.01730052	0.00027444	0.00049394	0.22458637	0.25335646	0.47635522	0.00055576	0.02707731
D722	0.00165142	0.00039036	0.00070258	0.49851808	0.24559146	0.22302338	0.00079052	0.02933221
D723	0.01913829	0.00037323	0.00945142	0.37127769	0.23920022	0.33614859	0.00953550	0.01487504
D724	0.00525380	0.03510460	0.00059127	0.25725234	0.57762861	0.00608266	0.04316938	0.07491738
D725	0.01816675	0.50938004	0.00772884	0.07962921	0.17624870	0.07950976	0.00869626	0.12064043
D726	0.01236737	0.00044560	0.00080200	0.14977334	0.29606861	0.46422863	0.02186690	0.05444753
D727	0.38914937	0.00021160	0.09744439	0.17067392	0.00370703	0.05618283	0.27419749	0.00843336
D728	0.00633249	0.00149688	0.03790621	0.37987804	0.02622389	0.53829098	0.00303131	0.00684020
D729	0.05783717	0.22267963	0.19983570	0.01413157	0.01199748	0.01407360	0.00422009	0.47522476
D730	0.25358564	0.00033499	0.08728582	0.36870393	0.04921020	0.02984328	0.18192445	0.02911172
D731	0.02723432	0.00043202	0.00077755	0.57712066	0.05330058	0.23665911	0.00087487	0.10360090
D732	0.00823857	0.00020849	0.02980153	0.44526035	0.03062659	0.03819087	0.04456164	0.40311202
D733	0.00450730	0.00106544	0.65355796	0.03228813	0.03119704	0.00719540	0.05228379	0.21790496
D734	0.16887072	0.08837688	0.00148855	0.08343059	0.47169390	0.04449655	0.06976917	0.07187367
D735	0.27535135	0.00018097	0.00032571	0.13319866	0.39057052	0.04592219	0.01100934	0.14344127
D736	0.01712410	0.02964486	0.79211986	0.04046883	0.01806608	0.00416683	0.08833307	0.01007640
D737	0.25847977	0.00062150	0.00111858	0.44281551	0.20825855	0.01150730	0.00125859	0.07594020
D738	0.07858641	0.00031281	0.00056299	0.08674271	0.05330962	0.59446287	0.00063346	0.18538916
D739	0.00694375	0.36844650	0.00295414	0.04974164	0.08667183	0.18483473	0.02262945	0.27777794
D740	0.48245960	0.00042131	0.00571372	0.03754510	0.01729190	0.25061712	0.01571950	0.19023181
D741	0.40614784	0.00031867	0.02306242	0.07712390	0.02807166	0.09210761	0.04937122	0.32379669
D742	0.04386128	0.22463441	0.07719567	0.12224382	0.00909839	0.04784850	0.02178818	0.45332974
D743	0.00560002	0.04153657	0.00063024	0.11769650	0.30679533	0.48836431	0.01306504	0.02631199
D744	0.21305050	0.00023116	0.00041604	0.64050418	0.08017834	0.02603105	0.01134364	0.02824511
D745	0.31694847	0.00026586	0.01924030	0.30511874	0.08595873	0.22693713	0.00053838	0.04499242
D746	0.24226594	0.00072584	0.00038555	0.39581221	0.08200183	0.15519755	0.01203696	0.11157417
D747	0.07731596	0.04166752	0.01686470	0.48447713	0.14616413	0.16159487	0.00491211	0.06700360
D748	0.42809966	0.04623571	0.00273050	0.21417961	0.11499868	0.16763172	0.00305639	0.02306775
D749	0.07900249	0.00139501	0.00445846	0.45217413	0.03864308	0.34660563	0.01941672	0.05830448
D750	0.13286692	0.01386630	0.00033002	0.47124973	0.17615040	0.09641921	0.05831632	0.05080119
D751	0.41524416	0.00128513	0.00068263	0.31381848	0.17600971	0.05218235	0.03501055	0.00576700
D752	0.22599837	0.00124258	0.00066003	0.26038098	0.21985029	0.21932800	0.00073880	0.07180096
D753	0.18506020	0.00104821	0.00055679	0.14981896	0.38378382	0.09284134	0.15425403	0.03263669
D754	0.00354587	0.07570668	0.59434730	0.00894851	0.16049089	0.01742654	0.03131105	0.10822323
D755	0.16561846	0.07753237	0.00927983	0.46681362	0.23373321	0.00100128	0.03047715	0.01554411
D756	0.03157585	0.01493257	0.00750622	0.36052883	0.22660334	0.27725935	0.00076150	0.08083235
D757	0.00786724	0.10547312	0.09997552	0.08235191	0.26233551	0.13241106	0.00697224	0.30261338
D758	0.12781201	0.02691990	0.00037328	0.59294879	0.04006552	0.10531308	0.00416314	0.10240422
D759	0.10851263	0.00477519	0.00069211	0.76261979	0.00137164	0.01471280	0.10494097	0.00237489
D760	0.00381449	0.47537458	0.00302010	0.03992893	0.09689280	0.00359546	0.00338054	0.37399316
D761	0.00209799	0.55312198	0.25165874	0.03029433	0.01995843	0.00197752	0.03519233	0.10569876
D762	0.06089310	0.00680588	0.06647351	0.55196202	0.11287939	0.08377424	0.01210059	0.10511132
D763	0.00314696	0.50468361	0.02749123	0.10794040	0.10493644	0.01546608	0.00278896	0.23354633
D764	0.00217033	0.39978287	0.00171834	0.07444198	0.14133511	0.08825177	0.00192343	0.29037625
D765	0.00196686	0.45605269	0.00155725	0.09090040	0.12808506	0.09560310	0.00174311	0.22409154
D766	0.06982487	0.14527056	0.00059859	0.29319826	0.01620125	0.21692811	0.00367302	0.25430536
D767	0.00723556	0.59176058	0.01271280	0.14239995	0.05430619	0.00137169	0.00128970	0.18892343
D768	0.02769138	0.28792125	0.00192508	0.10695864	0.06644456	0.14805320	0.00035814	0.36064780
D769	0.03251724	0.21375017	0.00199328	0.02635324	0.00395029	0.21237063	0.00223117	0.50683397
D770	0.00148970	0.39275038	0.00117946	0.09843340	0.19168532	0.00140416	0.00723735	0.30582029
D771	0.00171264	0.36309421	0.00135597	0.07915146	0.06391130	0.00841697	0.00151781	0.48083967
D772	0.18593089	0.00998003	0.19411391	0.01947618	0.01426478	0.00099707	0.47992679	0.09531035
D773	0.00412715	0.48155269	0.00326764	0.15795369	0.10483468	0.00389016	0.00365763	0.24071637
D774	0.02231646	0.42873368	0.02586394	0.21245013	0.05900723	0.00043225	0.00040641	0.25078997
D775	0.00340212	0.72127628	0.00269360	0.04912566	0.04587813	0.00320676	0.00301508	0.17140239
D776	0.00066780	0.00099538	0.01113877	0.51362008	0.26099402	0.13856007	0.01120188	0.06282201
D777	0.01496223	0.04950200	0.07464173	0.24682358	0.29457179	0.00067608	0.02057862	0.29824397
D778	0.00173627	0.58189380	0.00137468	0.08713970	0.00272435	0.00853307	0.00153874	0.31505942
D779	0.00393369	0.00586332	0.26873478	0.18179919	0.02179701	0.00370781	0.22223233	0.29193190
D780	0.05491947	0.03354198	0.22436769	0.21061257	0.22914083	0.05456689	0.10300007	0.08985049
D781	0.05336754	0.00109725	0.00058283	0.74162143	0.03624267	0.00069387	0.09714330	0.06925115
D782	0.00070521	0.00105114	0.22744839	0.17544861	0.01231098	0.00066472	0.36196837	0.22040260
D783	0.01217161	0.05608214	0.02269894	0.03586656	0.08862126	0.07155256	0.00120604	0.71180093
D784	0.00066780	0.38030457	0.04562142	0.07595562	0.00370034	0.00062945	0.02711695	0.46600384
D785	0.31290257	0.00756449	0.01018891	0.35871002	0.27195773	0.00394044	0.02937289	0.00536295
D786	0.17785113	0.00386861	0.35256630	0.15087819	0.02469078	0.00244641	0.00230018	0.28539845
D787	0.35556883	0.02375285	0.03109270	0.07415599	0.27331042	0.00237486	0.17893076	0.06081363
D788	0.30561304	0.00664420	0.00432938	0.11148667	0.04802161	0.00046713	0.52012312	0.00331490
D789	0.00645521	0.36858568	0.00511087	0.01629066	0.11268990	0.10864567	0.00572085	0.37650114
D790	0.05049714	0.22475965	0.00191661	0.01572439	0.00379836	0.25227901	0.00214536	0.44887942
D791	0.00412715	0.00615168	0.00326764	0.55138898	0.20319350	0.08585585	0.11840960	0.02760558
D792	0.17571492	0.00648704	0.00094023	0.64450300	0.04903292	0.00583631	0.01520331	0.10228234
D793	0.00073830	0.00403300	0.01817979	0.09570453	0.00995608	0.06521182	0.09449563	0.71168083
D794	0.27648920	0.02277641	0.00084461	0.26116550	0.00167386	0.00100552	0.01365722	0.42238772
D795	0.41017649	0.00586332	0.00311447	0.02555196	0.17804424	0.33182698	0.00348618	0.04193631
D796	0.00276657	0.13599016	0.54064524	0.08390394	0.00434097	0.01359658	0.04640733	0.17234918
D797	0.00513785	0.08928894	0.63670629	0.05378150	0.00806172	0.04565821	0.00455336	0.15681213
D798	0.04037790	0.01210469	0.29674172	0.02049455	0.07725632	0.03991158	0.03945403	0.47365919
D799	0.00513785	0.17091972	0.53466785	0.07418919	0.00806172	0.10688129	0.02496105	0.07518136
D800	0.00058685	0.58828574	0.02144360	0.11803082	0.09416068	0.00055316	0.07744296	0.09949618
D801	0.05038670	0.01283363	0.00075790	0.08606562	0.50340104	0.28226990	0.01225516	0.05203009
D802	0.02571536	0.52969742	0.04680595	0.16182686	0.05459210	0.00438759	0.00433729	0.17263752
D803	0.00065054	0.62370688	0.03669067	0.06624103	0.00102076	0.00061319	0.00832845	0.26274851
D804	0.00353604	0.60275304	0.03446127	0.06676633	0.00111591	0.00067035	0.01757938	0.27311769
D805	0.00490884	0.00931470	0.26352564	0.00641313	0.00154914	0.00093060	0.59302920	0.12032877
D806	0.12893148	0.03711277	0.00311447	0.07242613	0.02179701	0.50369900	0.00348618	0.22943300
D807	0.00900700	0.02550092	0.29279602	0.00254141	0.00958009	0.00094921	0.51689011	0.14273524
D808	0.11170038	0.00316839	0.00151284	0.71845472	0.01878397	0.13591982	0.00157932	0.00888059
D809	0.23153058	0.00028212	0.00013470	0.55330455	0.10323218	0.03056780	0.00014062	0.08080743
D810	0.30630699	0.00292726	0.01084318	0.22198804	0.01754598	0.42348838	0.00012252	0.01677767
D811	0.00062644	0.00024780	0.02444710	0.68603510	0.07175224	0.15660292	0.00012352	0.06016490
D812	0.04385202	0.60262555	0.18658213	0.00281965	0.00553347	0.00692807	0.02884462	0.12281455
D813	0.12363758	0.08179003	0.00044242	0.22021633	0.26829946	0.30255526	0.00046186	0.00259708
D814	0.66854477	0.00028212	0.00013470	0.24247055	0.03552575	0.03056780	0.00014062	0.02233369
D815	0.04560880	0.04274624	0.00089450	0.01607306	0.11328857	0.77520412	0.00093381	0.00525084
D816	0.21852569	0.00711616	0.00014891	0.17958729	0.00184894	0.58834130	0.00015546	0.00427628
D817	0.04248132	0.00031837	0.00015201	0.27710164	0.05398306	0.55197877	0.00015869	0.07382618
D818	0.00072434	0.05654844	0.01263946	0.40879434	0.18923840	0.17482598	0.00014282	0.15708619
D819	0.08519776	0.00241664	0.00115390	0.31072503	0.01432719	0.47275016	0.00120460	0.11222478
D820	0.12427896	0.00049038	0.00023415	0.66219985	0.01895587	0.17617328	0.01629304	0.00137448
D821	0.00749187	0.00296353	0.00141503	0.38104248	0.17921320	0.35343283	0.00147721	0.07296389
D822	0.12928058	0.00028742	0.01895002	0.65464222	0.00483947	0.06563296	0.00327873	0.12308865
D823	0.00926593	0.00068959	0.00032927	0.05857489	0.17710878	0.70661926	0.00034373	0.04706861
D824	0.00094614	0.00853979	0.00017870	0.28492165	0.01854988	0.68154556	0.00018655	0.00513177
D825	0.05046536	0.00050111	0.00023927	0.15736152	0.00297084	0.73760909	0.00024978	0.05060309
D826	0.00885337	0.00015513	0.00007407	0.02502231	0.06522485	0.89338923	0.00007732	0.00720376
D827	0.00091621	0.00036242	0.01598756	0.03869215	0.27890265	0.64812803	0.00018065	0.01683034
D828	0.00196503	0.02621564	0.00037114	0.28649077	0.27595055	0.40644079	0.00038745	0.00217867
D829	0.00429688	0.00169970	0.00081157	0.44104418	0.21403646	0.31395820	0.00084724	0.02330583
D830	0.00244111	0.00096562	0.00046107	0.08202158	0.31120586	0.58918315	0.00048133	0.01324034
D831	0.00470899	0.00863345	0.00009235	0.01009953	0.22269738	0.74679977	0.00009641	0.00687215
D832	0.00055985	0.00263731	0.00252160	0.02122688	0.16559103	0.80673224	0.00011039	0.00062072
D833	0.00067576	0.02359553	0.00887572	0.50385022	0.07740148	0.32348219	0.00013324	0.06198582
D834	0.00128793	0.00050946	0.00024326	0.18777344	0.48097813	0.32752591	0.00025395	0.00142795
D835	0.00100786	0.00039868	0.00019036	0.10779912	0.37638685	0.46940991	0.02194426	0.02286298
D836	0.05852823	0.00023094	0.01774552	0.39247629	0.00892712	0.46086574	0.00011512	0.06111103
D837	0.05908815	0.00040936	0.00019546	0.06156546	0.17658675	0.69187212	0.00020405	0.01007865
D838	0.00109346	0.00515103	0.00020653	0.07448839	0.43666539	0.45265636	0.00021560	0.02952328
D839	0.00073120	0.00028924	0.00013811	0.37795618	0.00171476	0.52355820	0.00014417	0.09546816
D840	0.00974848	0.00040042	0.00019119	0.13884674	0.50033790	0.33168098	0.00019959	0.01859474
D841	0.03551595	0.00035266	0.00016839	0.09151036	0.39065364	0.48063478	0.00017579	0.00098847
D842	0.05322256	0.00218612	0.00104383	0.23338832	0.20374456	0.49919757	0.00108969	0.00612739
D843	0.00421866	0.00166876	0.00079680	0.03252172	0.37397835	0.58130658	0.00083181	0.00467731
D844	0.00374184	0.00148014	0.00070674	0.12572600	0.28326875	0.48331001	0.00073780	0.10102876
D845	0.01750142	0.02372333	0.00014642	0.11636916	0.14900856	0.68889350	0.00015286	0.00420475
D846	0.07999250	0.00024255	0.00011581	0.21905117	0.41421041	0.28029487	0.00012090	0.00597180
D847	0.00073120	0.00028924	0.00644860	0.21388325	0.33617115	0.36264053	0.00014417	0.07969192
D848	0.00239074	0.00094570	0.00045155	0.13191165	0.77934307	0.08183514	0.00047139	0.00265067
D849	0.20884788	0.00125690	0.00060015	0.28501108	0.15827657	0.34185800	0.00062652	0.00352293
D850	0.04227762	0.08879606	0.00011400	0.24427877	0.00662477	0.00503334	0.14076884	0.47210658
D851	0.00117675	0.00046548	0.01037804	0.42038062	0.49023703	0.00473494	0.00023203	0.07239514
D852	0.00116492	0.05575602	0.00022002	0.37593955	0.43001312	0.12030461	0.00022969	0.01637208
D853	0.44950294	0.00015834	0.00007560	0.16890836	0.19958028	0.12425023	0.00180624	0.05571798
D854	0.33869830	0.00030976	0.00014791	0.31691882	0.28230608	0.00990924	0.00353356	0.04817635
D855	0.07289097	0.00966658	0.00038758	0.54711127	0.15534507	0.16764447	0.00040461	0.04654947
D856	0.14190593	0.00602904	0.04912709	0.63639659	0.13703962	0.02574700	0.00013171	0.00362300
D857	0.34640852	0.00095556	0.00045626	0.21667893	0.04736117	0.33286482	0.05259644	0.00267830
D858	0.04573482	0.00340368	0.33579740	0.06633282	0.02017888	0.03462257	0.48438978	0.00954006
